15307 5081 con: 1.0
28221 10840 con: 1.0
21581 15308 con: 1.0
15308 21581 con: 1.0
13592 15308 con: 1.0
15308 13592 con: 1.0
15308 1591 con: 1.0
1591 15308 con: 1.0
27251 23782 con: 1.0
27251 530 con: 1.0
27251 21336 con: 1.0
11963 4411 con: 1.0
19458 4411 con: 1.0
21919 4411 con: 1.0
2291 4411 con: 1.0
26160 4411 con: 1.0
10014 4411 con: 1.0
26523 4411 con: 1.0
22529 4411 con: 1.0
26583 4411 con: 1.0
15021 4411 con: 1.0
5315 4411 con: 1.0
14065 4411 con: 1.0
10393 4411 con: 1.0
5912 4411 con: 1.0
15811 4411 con: 1.0
13734 4411 con: 1.0
13701 4411 con: 1.0
12729 4411 con: 1.0
7004 4411 con: 1.0
11328 4411 con: 1.0
22313 4411 con: 1.0
6057 4411 con: 1.0
27955 4411 con: 1.0
7856 4411 con: 1.0
5834 4411 con: 1.0
13247 19540 con: 1.0
19540 13247 con: 1.0
25349 19540 con: 1.0
19540 25349 con: 1.0
10999 22489 con: 1.0
10999 7105 con: 1.0
10393 11963 con: 1.0
11963 10393 con: 1.0
11963 15584 con: 1.0
19458 23928 con: 1.0
2291 23928 con: 1.0
15192 23928 con: 1.0
26160 23928 con: 1.0
2476 23928 con: 1.0
22529 23928 con: 1.0
15086 23928 con: 1.0
16846 23928 con: 1.0
1337 23928 con: 1.0
26583 23928 con: 1.0
15021 23928 con: 1.0
398 23928 con: 1.0
5254 23928 con: 1.0
14065 23928 con: 1.0
5268 23928 con: 1.0
7045 23928 con: 1.0
7059 23928 con: 1.0
5912 23928 con: 1.0
15811 23928 con: 1.0
10325 23928 con: 1.0
13734 23928 con: 1.0
12758 23928 con: 1.0
9392 23928 con: 1.0
20143 23928 con: 1.0
11328 23928 con: 1.0
22313 23928 con: 1.0
12674 23928 con: 1.0
26005 23928 con: 1.0
6820 23928 con: 1.0
27955 23928 con: 1.0
7856 23928 con: 1.0
11524 23928 con: 1.0
27117 23928 con: 1.0
14415 23928 con: 1.0
21919 26288 con: 1.0
7542 26288 con: 1.0
5315 26288 con: 1.0
24541 26288 con: 1.0
13701 26288 con: 1.0
7004 26288 con: 1.0
11665 26288 con: 1.0
5834 26288 con: 1.0
5848 26288 con: 1.0
8818 9899 con: 1.0
9899 8818 con: 1.0
1385 29 con: 1.0
29 1385 con: 1.0
15911 29 con: 1.0
29 15911 con: 1.0
8446 29 con: 1.0
29 8446 con: 1.0
22246 29 con: 1.0
29 22246 con: 1.0
905 29 con: 1.0
29 905 con: 1.0
22843 20979 con: 1.0
15249 22843 con: 1.0
22843 15249 con: 1.0
5470 9192 con: 1.0
9192 5470 con: 1.0
5131 28184 con: 1.0
21865 16302 con: 1.0
16302 21865 con: 1.0
17642 3528 con: 1.0
3528 17642 con: 1.0
6101 17642 con: 1.0
17642 6101 con: 1.0
26608 17640 con: 1.0
2568 17640 con: 1.0
217 21983 con: 1.0
12899 21983 con: 1.0
10404 21983 con: 1.0
20872 6305 con: 1.0
20872 14482 con: 1.0
20872 7868 con: 1.0
4270 14119 con: 1.0
14119 4270 con: 1.0
14119 19974 con: 1.0
6546 4078 con: 1.0
5445 5833 con: 1.0
57 4571 con: 1.0
57 18024 con: 1.0
57 11679 con: 1.0
57 911 con: 1.0
57 19416 con: 1.0
24922 28166 con: 1.0
28166 24922 con: 1.0
26341 377 con: 1.0
377 26341 con: 1.0
26341 6096 con: 1.0
3219 15032 con: 1.0
15032 3219 con: 1.0
18519 4571 con: 1.0
24447 18519 con: 1.0
18519 24447 con: 1.0
18519 10740 con: 1.0
10740 18519 con: 1.0
18519 14408 con: 1.0
14408 18519 con: 1.0
27153 22887 con: 1.0
22887 27153 con: 1.0
22887 13265 con: 1.0
13265 22887 con: 1.0
22887 1392 con: 1.0
22887 17402 con: 1.0
17402 22887 con: 1.0
14161 2257 con: 1.0
2257 14161 con: 1.0
11176 14161 con: 1.0
14161 11176 con: 1.0
14161 4949 con: 1.0
15249 20979 con: 1.0
19458 20979 con: 1.0
2291 20979 con: 1.0
26160 20979 con: 1.0
22529 20979 con: 1.0
26583 20979 con: 1.0
15021 20979 con: 1.0
14065 20979 con: 1.0
5912 20979 con: 1.0
15811 20979 con: 1.0
13734 20979 con: 1.0
11328 20979 con: 1.0
22313 20979 con: 1.0
27955 20979 con: 1.0
7856 20979 con: 1.0
4479 11776 con: 1.0
11776 4479 con: 1.0
4479 3047 con: 1.0
3047 4479 con: 1.0
10066 3228 con: 1.0
26464 3228 con: 1.0
569 3228 con: 1.0
28899 3228 con: 1.0
18217 3228 con: 1.0
5429 18024 con: 1.0
11176 2257 con: 1.0
2257 11176 con: 1.0
2257 4949 con: 1.0
28418 1031 con: 1.0
14048 1031 con: 1.0
18990 1031 con: 1.0
617 1031 con: 1.0
3979 1031 con: 1.0
14446 1031 con: 1.0
28270 17237 con: 1.0
27487 2251 con: 1.0
23480 2251 con: 1.0
27912 2251 con: 1.0
5736 2251 con: 1.0
20256 2251 con: 1.0
12008 11826 con: 1.0
11826 12008 con: 1.0
25138 12008 con: 1.0
12008 25138 con: 1.0
12008 18736 con: 1.0
10133 12008 con: 1.0
12008 10133 con: 1.0
12008 28653 con: 1.0
12008 4039 con: 1.0
2291 19458 con: 1.0
19458 2291 con: 1.0
26160 19458 con: 1.0
19458 26160 con: 1.0
19458 14261 con: 1.0
19458 2128 con: 1.0
19458 22556 con: 1.0
19458 26523 con: 1.0
22529 19458 con: 1.0
19458 22529 con: 1.0
19458 18736 con: 1.0
26583 19458 con: 1.0
19458 26583 con: 1.0
15021 19458 con: 1.0
19458 15021 con: 1.0
19458 9111 con: 1.0
14065 19458 con: 1.0
19458 14065 con: 1.0
19458 17061 con: 1.0
19458 7071 con: 1.0
19458 7061 con: 1.0
19458 7059 con: 1.0
5912 19458 con: 1.0
19458 5912 con: 1.0
15811 19458 con: 1.0
19458 15811 con: 1.0
19458 10325 con: 1.0
13734 19458 con: 1.0
19458 13734 con: 1.0
19458 25651 con: 1.0
19458 17959 con: 1.0
19458 21336 con: 1.0
19458 11328 con: 1.0
11328 19458 con: 1.0
22313 19458 con: 1.0
19458 22313 con: 1.0
19458 26789 con: 1.0
19458 10702 con: 1.0
27955 19458 con: 1.0
19458 27955 con: 1.0
19458 15584 con: 1.0
7856 19458 con: 1.0
19458 7856 con: 1.0
19458 11524 con: 1.0
19458 17214 con: 1.0
8724 9846 con: 1.0
2476 9846 con: 1.0
20608 9846 con: 1.0
398 9846 con: 1.0
14922 9846 con: 1.0
7045 9846 con: 1.0
26005 9846 con: 1.0
9486 9846 con: 1.0
6820 9846 con: 1.0
27117 9846 con: 1.0
27153 13265 con: 1.0
13265 27153 con: 1.0
27153 1392 con: 1.0
27153 17402 con: 1.0
17402 27153 con: 1.0
8704 16903 con: 1.0
16903 8704 con: 1.0
5315 21919 con: 1.0
21919 5315 con: 1.0
21919 22489 con: 1.0
21919 16944 con: 1.0
13701 21919 con: 1.0
21919 13701 con: 1.0
21919 7004 con: 1.0
7004 21919 con: 1.0
21919 5834 con: 1.0
5834 21919 con: 1.0
6505 8719 con: 1.0
16865 8719 con: 1.0
3979 8719 con: 1.0
23198 15269 con: 1.0
15269 23198 con: 1.0
26160 2291 con: 1.0
2291 26160 con: 1.0
2291 14261 con: 1.0
2291 2128 con: 1.0
2291 22556 con: 1.0
2291 26523 con: 1.0
22529 2291 con: 1.0
2291 22529 con: 1.0
2291 18736 con: 1.0
26583 2291 con: 1.0
2291 26583 con: 1.0
15021 2291 con: 1.0
2291 15021 con: 1.0
2291 9111 con: 1.0
14065 2291 con: 1.0
2291 14065 con: 1.0
2291 17061 con: 1.0
2291 7071 con: 1.0
2291 7061 con: 1.0
2291 7059 con: 1.0
5912 2291 con: 1.0
2291 5912 con: 1.0
15811 2291 con: 1.0
2291 15811 con: 1.0
2291 10325 con: 1.0
13734 2291 con: 1.0
2291 13734 con: 1.0
2291 25651 con: 1.0
2291 17959 con: 1.0
2291 21336 con: 1.0
2291 11328 con: 1.0
11328 2291 con: 1.0
22313 2291 con: 1.0
2291 22313 con: 1.0
2291 26789 con: 1.0
2291 10702 con: 1.0
27955 2291 con: 1.0
2291 27955 con: 1.0
2291 15584 con: 1.0
7856 2291 con: 1.0
2291 7856 con: 1.0
2291 11524 con: 1.0
2291 17214 con: 1.0
16116 4440 con: 1.0
4440 16116 con: 1.0
20147 4440 con: 1.0
4440 20147 con: 1.0
24503 4440 con: 1.0
4440 24503 con: 1.0
10895 27791 con: 1.0
10895 24571 con: 1.0
24571 10895 con: 1.0
23295 10895 con: 1.0
10895 23295 con: 1.0
6980 10893 con: 1.0
11882 1080 con: 1.0
1080 11882 con: 1.0
8724 19615 con: 1.0
8724 20608 con: 1.0
20608 8724 con: 1.0
8724 18736 con: 1.0
8724 14922 con: 1.0
14922 8724 con: 1.0
8724 9486 con: 1.0
9486 8724 con: 1.0
13103 15934 con: 1.0
8992 16376 con: 1.0
16376 8992 con: 1.0
16376 9111 con: 1.0
24517 16376 con: 1.0
16376 24517 con: 1.0
14182 2128 con: 1.0
14182 18730 con: 1.0
14182 20695 con: 1.0
20695 14182 con: 1.0
14182 22359 con: 1.0
1222 14261 con: 1.0
1222 3438 con: 1.0
1222 17061 con: 1.0
1222 18024 con: 1.0
1222 17348 con: 1.0
17348 1222 con: 1.0
21883 9912 con: 1.0
21883 9111 con: 1.0
21883 20048 con: 1.0
20048 21883 con: 1.0
141 10872 con: 1.0
141 16460 con: 1.0
16460 141 con: 1.0
141 251 con: 1.0
141 22547 con: 1.0
141 14020 con: 1.0
11060 141 con: 1.0
141 11060 con: 1.0
14796 141 con: 1.0
141 14796 con: 1.0
141 14581 con: 1.0
14581 141 con: 1.0
141 17352 con: 1.0
17352 141 con: 1.0
10082 15173 con: 1.0
16096 15173 con: 1.0
17081 15173 con: 1.0
12717 15173 con: 1.0
143 5324 con: 1.0
5324 143 con: 1.0
143 27791 con: 1.0
14226 11329 con: 1.0
13265 1392 con: 1.0
17402 13265 con: 1.0
13265 17402 con: 1.0
16460 10872 con: 1.0
11060 10872 con: 1.0
14796 10872 con: 1.0
22405 10872 con: 1.0
14581 10872 con: 1.0
17352 10872 con: 1.0
25138 11826 con: 1.0
11826 25138 con: 1.0
11826 18736 con: 1.0
10133 11826 con: 1.0
11826 10133 con: 1.0
11826 28653 con: 1.0
11826 4039 con: 1.0
26168 5336 con: 1.0
26168 11357 con: 1.0
26168 2669 con: 1.0
2669 26168 con: 1.0
1237 2367 con: 1.0
1237 8313 con: 1.0
8313 1237 con: 1.0
1237 5053 con: 1.0
1237 15549 con: 1.0
15549 1237 con: 1.0
1237 10690 con: 1.0
10690 1237 con: 1.0
16154 9525 con: 1.0
9525 16154 con: 1.0
16154 24892 con: 1.0
24892 16154 con: 1.0
15192 20143 con: 1.0
20143 15192 con: 1.0
15192 24869 con: 1.0
26160 14261 con: 1.0
26160 2128 con: 1.0
26160 22556 con: 1.0
26160 26523 con: 1.0
22529 26160 con: 1.0
26160 22529 con: 1.0
26160 18736 con: 1.0
26583 26160 con: 1.0
26160 26583 con: 1.0
15021 26160 con: 1.0
26160 15021 con: 1.0
26160 9111 con: 1.0
14065 26160 con: 1.0
26160 14065 con: 1.0
26160 17061 con: 1.0
26160 7071 con: 1.0
26160 7061 con: 1.0
26160 7059 con: 1.0
5912 26160 con: 1.0
26160 5912 con: 1.0
15811 26160 con: 1.0
26160 15811 con: 1.0
26160 10325 con: 1.0
13734 26160 con: 1.0
26160 13734 con: 1.0
26160 25651 con: 1.0
26160 17959 con: 1.0
26160 21336 con: 1.0
26160 11328 con: 1.0
11328 26160 con: 1.0
22313 26160 con: 1.0
26160 22313 con: 1.0
26160 26789 con: 1.0
26160 10702 con: 1.0
26160 27955 con: 1.0
27955 26160 con: 1.0
26160 15584 con: 1.0
7856 26160 con: 1.0
26160 7856 con: 1.0
26160 11524 con: 1.0
26160 17214 con: 1.0
24541 7542 con: 1.0
7542 24541 con: 1.0
11665 7542 con: 1.0
7542 11665 con: 1.0
5848 7542 con: 1.0
7542 5848 con: 1.0
16420 25214 con: 1.0
25214 16420 con: 1.0
28418 9912 con: 1.0
14048 9912 con: 1.0
20048 9912 con: 1.0
3362 24060 con: 1.0
24060 3362 con: 1.0
6104 24060 con: 1.0
24060 6104 con: 1.0
22963 23782 con: 1.0
22963 18024 con: 1.0
22963 5053 con: 1.0
9914 3647 con: 1.0
5185 14261 con: 1.0
22529 14261 con: 1.0
26583 14261 con: 1.0
15021 14261 con: 1.0
18879 14261 con: 1.0
14065 14261 con: 1.0
17061 14261 con: 1.0
5912 14261 con: 1.0
15811 14261 con: 1.0
13734 14261 con: 1.0
11328 14261 con: 1.0
22313 14261 con: 1.0
27955 14261 con: 1.0
7856 14261 con: 1.0
17348 14261 con: 1.0
2836 14261 con: 1.0
17512 6158 con: 1.0
6158 17512 con: 1.0
17512 18086 con: 1.0
18086 17512 con: 1.0
17512 5081 con: 1.0
15200 13494 con: 1.0
26121 3181 con: 1.0
26121 14873 con: 1.0
26121 13450 con: 1.0
13450 26121 con: 1.0
5598 12271 con: 1.0
5598 25372 con: 1.0
5598 4078 con: 1.0
11849 18612 con: 1.0
2476 18612 con: 1.0
398 18612 con: 1.0
18612 15784 con: 1.0
15784 18612 con: 1.0
7045 18612 con: 1.0
26005 18612 con: 1.0
6820 18612 con: 1.0
27117 18612 con: 1.0
9671 18612 con: 1.0
5306 27346 con: 1.0
14894 27346 con: 1.0
7070 27346 con: 1.0
18967 27346 con: 1.0
19258 27346 con: 1.0
5592 25651 con: 1.0
4750 5592 con: 1.0
5592 4750 con: 1.0
17531 3438 con: 1.0
15217 12688 con: 1.0
12688 15217 con: 1.0
15217 17180 con: 1.0
17180 15217 con: 1.0
217 3181 con: 1.0
10404 3181 con: 1.0
13450 3181 con: 1.0
14242 18805 con: 1.0
15918 29539 con: 1.0
29539 15918 con: 1.0
29539 22359 con: 1.0
29539 14393 con: 1.0
14393 29539 con: 1.0
6051 21838 con: 1.0
11781 26546 con: 1.0
11781 17783 con: 1.0
17783 11781 con: 1.0
23482 11781 con: 1.0
11781 23482 con: 1.0
11776 3047 con: 1.0
3047 11776 con: 1.0
23019 18741 con: 1.0
23019 5661 con: 1.0
5557 1015 con: 1.0
1015 5557 con: 1.0
4302 28401 con: 1.0
28401 4302 con: 1.0
22529 2128 con: 1.0
26583 2128 con: 1.0
15021 2128 con: 1.0
20695 2128 con: 1.0
14065 2128 con: 1.0
5912 2128 con: 1.0
15811 2128 con: 1.0
13734 2128 con: 1.0
11328 2128 con: 1.0
22313 2128 con: 1.0
27955 2128 con: 1.0
7856 2128 con: 1.0
20608 19615 con: 1.0
14922 19615 con: 1.0
6051 19615 con: 1.0
9486 19615 con: 1.0
16460 251 con: 1.0
16460 22547 con: 1.0
16460 14020 con: 1.0
11060 16460 con: 1.0
16460 11060 con: 1.0
14796 16460 con: 1.0
16460 14796 con: 1.0
14581 16460 con: 1.0
16460 14581 con: 1.0
17352 16460 con: 1.0
16460 17352 con: 1.0
6505 12162 con: 1.0
16865 6505 con: 1.0
6505 16865 con: 1.0
6505 11080 con: 1.0
6505 17959 con: 1.0
14550 28409 con: 1.0
28409 14550 con: 1.0
4595 18024 con: 1.0
4595 20180 con: 1.0
16754 16463 con: 1.0
19217 16463 con: 1.0
25138 18736 con: 1.0
10133 25138 con: 1.0
25138 10133 con: 1.0
25138 28653 con: 1.0
25138 4039 con: 1.0
217 10404 con: 1.0
10404 217 con: 1.0
217 10702 con: 1.0
21796 22547 con: 1.0
21796 1335 con: 1.0
1335 21796 con: 1.0
21796 5043 con: 1.0
20300 21796 con: 1.0
21796 20300 con: 1.0
17400 21796 con: 1.0
21796 17400 con: 1.0
18758 4578 con: 1.0
7230 4578 con: 1.0
28985 4578 con: 1.0
17331 4578 con: 1.0
13247 25349 con: 1.0
25349 13247 con: 1.0
29490 6911 con: 1.0
6911 29490 con: 1.0
3809 11864 con: 1.0
17081 11864 con: 1.0
28017 11864 con: 1.0
24447 4571 con: 1.0
21140 4571 con: 1.0
10740 4571 con: 1.0
14408 4571 con: 1.0
19416 4571 con: 1.0
22077 4571 con: 1.0
15138 16939 con: 1.0
20823 11196 con: 1.0
20823 29375 con: 1.0
29375 20823 con: 1.0
20823 17214 con: 1.0
18678 13888 con: 1.0
18678 4324 con: 1.0
18678 10176 con: 1.0
18678 7061 con: 1.0
18678 26789 con: 1.0
20831 28463 con: 1.0
18743 20831 con: 1.0
20831 18743 con: 1.0
11849 18741 con: 1.0
11849 27437 con: 1.0
11849 7248 con: 1.0
11849 28653 con: 1.0
11849 15784 con: 1.0
11849 7061 con: 1.0
11849 3647 con: 1.0
11849 5661 con: 1.0
11849 15584 con: 1.0
9671 11849 con: 1.0
11849 9671 con: 1.0
11060 251 con: 1.0
3809 251 con: 1.0
14796 251 con: 1.0
14581 251 con: 1.0
17352 251 con: 1.0
2159 28463 con: 1.0
2159 27791 con: 1.0
17783 26546 con: 1.0
23482 26546 con: 1.0
22371 26546 con: 1.0
11670 26546 con: 1.0
5667 26546 con: 1.0
9657 26546 con: 1.0
22583 23612 con: 1.0
23612 22583 con: 1.0
7411 7936 con: 1.0
7936 7411 con: 1.0
7411 15584 con: 1.0
18743 28463 con: 1.0
29385 23549 con: 1.0
10308 23669 con: 1.0
23669 10308 con: 1.0
12541 23669 con: 1.0
23669 12541 con: 1.0
6101 3528 con: 1.0
3528 6101 con: 1.0
12886 9563 con: 1.0
29202 20661 con: 1.0
24341 20661 con: 1.0
22371 20661 con: 1.0
11670 20661 con: 1.0
16067 6305 con: 1.0
22043 18712 con: 1.0
26516 16768 con: 1.0
16768 26516 con: 1.0
16768 18741 con: 1.0
16768 12285 con: 1.0
12899 15934 con: 1.0
10014 26523 con: 1.0
12729 10014 con: 1.0
10014 12729 con: 1.0
26516 18741 con: 1.0
26516 12285 con: 1.0
9045 19105 con: 1.0
19105 9045 con: 1.0
6856 9045 con: 1.0
9045 6856 con: 1.0
2476 28535 con: 1.0
2476 398 con: 1.0
398 2476 con: 1.0
2476 15988 con: 1.0
2476 15784 con: 1.0
2476 7045 con: 1.0
7045 2476 con: 1.0
2476 7059 con: 1.0
2476 9392 con: 1.0
2476 21336 con: 1.0
2476 23549 con: 1.0
26005 2476 con: 1.0
2476 26005 con: 1.0
2476 26972 con: 1.0
2476 4039 con: 1.0
2476 6820 con: 1.0
6820 2476 con: 1.0
2476 11524 con: 1.0
2476 27117 con: 1.0
27117 2476 con: 1.0
2476 20386 con: 1.0
16865 12162 con: 1.0
2626 12162 con: 1.0
26087 12162 con: 1.0
1335 22547 con: 1.0
11060 22547 con: 1.0
14796 22547 con: 1.0
14581 22547 con: 1.0
20300 22547 con: 1.0
17400 22547 con: 1.0
17352 22547 con: 1.0
22529 22556 con: 1.0
26583 22556 con: 1.0
15021 22556 con: 1.0
10193 22556 con: 1.0
14065 22556 con: 1.0
27659 22556 con: 1.0
5912 22556 con: 1.0
15811 22556 con: 1.0
13734 22556 con: 1.0
15718 22556 con: 1.0
3627 22556 con: 1.0
11328 22556 con: 1.0
22313 22556 con: 1.0
27955 22556 con: 1.0
7856 22556 con: 1.0
9458 11201 con: 1.0
28418 16672 con: 1.0
14048 28418 con: 1.0
28418 14048 con: 1.0
28418 19974 con: 1.0
28418 23549 con: 1.0
22529 26523 con: 1.0
26583 26523 con: 1.0
15021 26523 con: 1.0
14065 26523 con: 1.0
5912 26523 con: 1.0
15811 26523 con: 1.0
13734 26523 con: 1.0
12729 26523 con: 1.0
11328 26523 con: 1.0
22313 26523 con: 1.0
27955 26523 con: 1.0
7856 26523 con: 1.0
20608 18736 con: 1.0
14922 20608 con: 1.0
20608 14922 con: 1.0
9486 20608 con: 1.0
20608 9486 con: 1.0
5185 27625 con: 1.0
18879 5185 con: 1.0
5185 18879 con: 1.0
6098 1392 con: 1.0
17402 1392 con: 1.0
21672 18730 con: 1.0
20695 18730 con: 1.0
3979 18730 con: 1.0
5661 18741 con: 1.0
9671 18741 con: 1.0
22529 18736 con: 1.0
26583 22529 con: 1.0
22529 26583 con: 1.0
15021 22529 con: 1.0
22529 15021 con: 1.0
22529 9111 con: 1.0
14065 22529 con: 1.0
22529 14065 con: 1.0
22529 17061 con: 1.0
22529 7071 con: 1.0
22529 7061 con: 1.0
22529 7059 con: 1.0
22529 5912 con: 1.0
5912 22529 con: 1.0
22529 15811 con: 1.0
15811 22529 con: 1.0
22529 10325 con: 1.0
22529 13734 con: 1.0
13734 22529 con: 1.0
22529 25651 con: 1.0
22529 17959 con: 1.0
22529 21336 con: 1.0
22529 11328 con: 1.0
11328 22529 con: 1.0
22313 22529 con: 1.0
22529 22313 con: 1.0
22529 26789 con: 1.0
22529 10702 con: 1.0
22529 27955 con: 1.0
27955 22529 con: 1.0
22529 15584 con: 1.0
22529 7856 con: 1.0
7856 22529 con: 1.0
22529 11524 con: 1.0
22529 17214 con: 1.0
1385 15911 con: 1.0
15911 1385 con: 1.0
8446 1385 con: 1.0
1385 8446 con: 1.0
22246 1385 con: 1.0
1385 22246 con: 1.0
1385 905 con: 1.0
905 1385 con: 1.0
26583 18736 con: 1.0
15021 18736 con: 1.0
14922 18736 con: 1.0
10133 18736 con: 1.0
14065 18736 con: 1.0
5912 18736 con: 1.0
15811 18736 con: 1.0
13734 18736 con: 1.0
11328 18736 con: 1.0
22313 18736 con: 1.0
9486 18736 con: 1.0
27955 18736 con: 1.0
7856 18736 con: 1.0
15086 14873 con: 1.0
5268 15086 con: 1.0
15086 5268 con: 1.0
15086 26434 con: 1.0
15086 24869 con: 1.0
25733 13883 con: 1.0
13883 25733 con: 1.0
13883 11679 con: 1.0
13883 15584 con: 1.0
27487 530 con: 1.0
27487 16944 con: 1.0
23480 27487 con: 1.0
27487 23480 con: 1.0
20256 27487 con: 1.0
27487 20256 con: 1.0
13878 15988 con: 1.0
18758 27625 con: 1.0
18758 28985 con: 1.0
28985 18758 con: 1.0
18758 17331 con: 1.0
17331 18758 con: 1.0
18758 1831 con: 1.0
11176 4949 con: 1.0
10066 13888 con: 1.0
19742 16854 con: 1.0
16854 19742 con: 1.0
8603 16854 con: 1.0
16854 8603 con: 1.0
27060 16854 con: 1.0
16854 27060 con: 1.0
9671 27437 con: 1.0
19742 8603 con: 1.0
8603 19742 con: 1.0
19742 27060 con: 1.0
27060 19742 con: 1.0
29375 11196 con: 1.0
21140 11196 con: 1.0
22077 11196 con: 1.0
27446 11080 con: 1.0
27446 24172 con: 1.0
27446 9563 con: 1.0
27446 1950 con: 1.0
1337 16846 con: 1.0
16846 1337 con: 1.0
16846 5254 con: 1.0
5254 16846 con: 1.0
16846 14788 con: 1.0
16846 29099 con: 1.0
16846 10325 con: 1.0
16846 24669 con: 1.0
16846 12758 con: 1.0
12758 16846 con: 1.0
16846 21336 con: 1.0
16846 22126 con: 1.0
8992 9111 con: 1.0
24517 8992 con: 1.0
8992 24517 con: 1.0
2519 1293 con: 1.0
1439 1293 con: 1.0
5009 1293 con: 1.0
27912 1293 con: 1.0
5736 1293 con: 1.0
16096 10082 con: 1.0
10082 16096 con: 1.0
10082 3438 con: 1.0
10082 29099 con: 1.0
10082 18024 con: 1.0
10082 7963 con: 1.0
12717 10082 con: 1.0
10082 12717 con: 1.0
398 28535 con: 1.0
7045 28535 con: 1.0
26005 28535 con: 1.0
6820 28535 con: 1.0
27117 28535 con: 1.0
9657 28535 con: 1.0
2519 1439 con: 1.0
1439 2519 con: 1.0
2519 5009 con: 1.0
5009 2519 con: 1.0
29334 16672 con: 1.0
8148 12285 con: 1.0
22027 12285 con: 1.0
1337 5254 con: 1.0
5254 1337 con: 1.0
1337 14788 con: 1.0
1337 29099 con: 1.0
1337 10325 con: 1.0
1337 24669 con: 1.0
1337 12758 con: 1.0
12758 1337 con: 1.0
1337 21336 con: 1.0
1337 22126 con: 1.0
15021 26583 con: 1.0
26583 15021 con: 1.0
26583 9111 con: 1.0
14065 26583 con: 1.0
26583 14065 con: 1.0
26583 17061 con: 1.0
26583 7071 con: 1.0
26583 7061 con: 1.0
26583 7059 con: 1.0
26583 5912 con: 1.0
5912 26583 con: 1.0
26583 15811 con: 1.0
15811 26583 con: 1.0
26583 10325 con: 1.0
26583 13734 con: 1.0
13734 26583 con: 1.0
26583 25651 con: 1.0
26583 17959 con: 1.0
26583 21336 con: 1.0
26583 11328 con: 1.0
11328 26583 con: 1.0
22313 26583 con: 1.0
26583 22313 con: 1.0
26583 26789 con: 1.0
26583 10702 con: 1.0
26583 27955 con: 1.0
27955 26583 con: 1.0
26583 15584 con: 1.0
26583 7856 con: 1.0
7856 26583 con: 1.0
26583 11524 con: 1.0
26583 17214 con: 1.0
26576 6096 con: 1.0
20147 16116 con: 1.0
16116 20147 con: 1.0
16116 24503 con: 1.0
24503 16116 con: 1.0
13354 4163 con: 1.0
4163 13354 con: 1.0
4163 2891 con: 1.0
2891 4163 con: 1.0
8338 4172 con: 1.0
4172 8338 con: 1.0
377 6096 con: 1.0
26585 1505 con: 1.0
26585 12977 con: 1.0
26585 646 con: 1.0
28481 27791 con: 1.0
1335 5043 con: 1.0
20300 1335 con: 1.0
1335 20300 con: 1.0
17400 1335 con: 1.0
1335 17400 con: 1.0
27407 20694 con: 1.0
27407 28662 con: 1.0
18905 27407 con: 1.0
27407 18905 con: 1.0
7737 27407 con: 1.0
27407 7737 con: 1.0
16096 3438 con: 1.0
16096 29099 con: 1.0
16096 18024 con: 1.0
16096 7963 con: 1.0
16096 12717 con: 1.0
12717 16096 con: 1.0
15021 9111 con: 1.0
14065 15021 con: 1.0
15021 14065 con: 1.0
15021 17061 con: 1.0
15021 7071 con: 1.0
15021 7061 con: 1.0
15021 7059 con: 1.0
15021 5912 con: 1.0
5912 15021 con: 1.0
15021 15811 con: 1.0
15811 15021 con: 1.0
15021 10325 con: 1.0
15021 13734 con: 1.0
13734 15021 con: 1.0
15021 25651 con: 1.0
15021 17959 con: 1.0
15021 21336 con: 1.0
15021 11328 con: 1.0
11328 15021 con: 1.0
22313 15021 con: 1.0
15021 22313 con: 1.0
15021 26789 con: 1.0
15021 10702 con: 1.0
15021 27955 con: 1.0
27955 15021 con: 1.0
15021 15584 con: 1.0
15021 7856 con: 1.0
7856 15021 con: 1.0
15021 11524 con: 1.0
15021 17214 con: 1.0
9458 18805 con: 1.0
29375 17214 con: 1.0
16865 11080 con: 1.0
16865 17959 con: 1.0
12586 360 con: 1.0
3979 360 con: 1.0
9620 360 con: 1.0
20695 22359 con: 1.0
9152 20694 con: 1.0
18905 20694 con: 1.0
25670 20694 con: 1.0
9657 20694 con: 1.0
7737 20694 con: 1.0
4270 19974 con: 1.0
18879 27625 con: 1.0
18990 27625 con: 1.0
28985 27625 con: 1.0
17331 27625 con: 1.0
9195 12583 con: 1.0
12583 9195 con: 1.0
9152 23779 con: 1.0
25670 23779 con: 1.0
27912 23782 con: 1.0
5736 23782 con: 1.0
398 15988 con: 1.0
398 15784 con: 1.0
398 7045 con: 1.0
7045 398 con: 1.0
398 7059 con: 1.0
398 9392 con: 1.0
398 21336 con: 1.0
398 23549 con: 1.0
26005 398 con: 1.0
398 26005 con: 1.0
398 26972 con: 1.0
398 4039 con: 1.0
398 6820 con: 1.0
6820 398 con: 1.0
398 11524 con: 1.0
398 27117 con: 1.0
27117 398 con: 1.0
398 20386 con: 1.0
18843 4775 con: 1.0
20388 18843 con: 1.0
18843 20388 con: 1.0
21628 3740 con: 1.0
3740 21628 con: 1.0
9486 14922 con: 1.0
14922 9486 con: 1.0
1461 27637 con: 1.0
27637 1461 con: 1.0
11767 18835 con: 1.0
10133 28653 con: 1.0
10133 4039 con: 1.0
12717 3438 con: 1.0
17348 3438 con: 1.0
13592 21581 con: 1.0
21581 13592 con: 1.0
21581 1591 con: 1.0
1591 21581 con: 1.0
5315 22489 con: 1.0
5315 16944 con: 1.0
13701 5315 con: 1.0
5315 13701 con: 1.0
5315 7004 con: 1.0
7004 5315 con: 1.0
5315 5834 con: 1.0
5834 5315 con: 1.0
5324 27791 con: 1.0
527 11080 con: 1.0
3699 11080 con: 1.0
647 11080 con: 1.0
9152 7248 con: 1.0
25670 7248 con: 1.0
9671 7248 con: 1.0
15921 5336 con: 1.0
15921 13737 con: 1.0
25641 15921 con: 1.0
15921 25641 con: 1.0
19951 4324 con: 1.0
624 19951 con: 1.0
19951 624 con: 1.0
2764 19951 con: 1.0
19951 2764 con: 1.0
19951 1691 con: 1.0
1691 19951 con: 1.0
23482 17783 con: 1.0
17783 23482 con: 1.0
15918 22359 con: 1.0
15918 14393 con: 1.0
14393 15918 con: 1.0
14048 16672 con: 1.0
5667 1505 con: 1.0
9152 25670 con: 1.0
25670 9152 con: 1.0
8446 15911 con: 1.0
15911 8446 con: 1.0
22246 15911 con: 1.0
15911 22246 con: 1.0
905 15911 con: 1.0
15911 905 con: 1.0
13394 7233 con: 1.0
7233 13394 con: 1.0
14956 6880 con: 1.0
14956 20386 con: 1.0
25641 5336 con: 1.0
2669 5336 con: 1.0
679 20506 con: 1.0
20506 679 con: 1.0
8313 2367 con: 1.0
15549 2367 con: 1.0
10690 2367 con: 1.0
18086 6158 con: 1.0
6158 18086 con: 1.0
6158 5081 con: 1.0
7230 7827 con: 1.0
11060 14020 con: 1.0
14796 14020 con: 1.0
14581 14020 con: 1.0
17352 14020 con: 1.0
9671 28653 con: 1.0
624 4324 con: 1.0
2764 4324 con: 1.0
1691 4324 con: 1.0
1439 5009 con: 1.0
5009 1439 con: 1.0
5268 14873 con: 1.0
13450 14873 con: 1.0
29202 9220 con: 1.0
18905 28662 con: 1.0
22280 28662 con: 1.0
7737 28662 con: 1.0
14796 11060 con: 1.0
11060 14796 con: 1.0
11060 14581 con: 1.0
14581 11060 con: 1.0
11060 17352 con: 1.0
17352 11060 con: 1.0
18905 7737 con: 1.0
7737 18905 con: 1.0
5306 14894 con: 1.0
14894 5306 con: 1.0
5306 19258 con: 1.0
19258 5306 con: 1.0
18217 26464 con: 1.0
26464 18217 con: 1.0
29231 4300 con: 1.0
14048 19974 con: 1.0
14048 23549 con: 1.0
10193 27659 con: 1.0
27659 10193 con: 1.0
10193 22359 con: 1.0
10193 15718 con: 1.0
15718 10193 con: 1.0
10193 3627 con: 1.0
3627 10193 con: 1.0
5254 14788 con: 1.0
5254 29099 con: 1.0
5254 10325 con: 1.0
5254 24669 con: 1.0
5254 12758 con: 1.0
12758 5254 con: 1.0
5254 21336 con: 1.0
5254 22126 con: 1.0
3068 25366 con: 1.0
8489 25366 con: 1.0
3362 6104 con: 1.0
6104 3362 con: 1.0
14065 9111 con: 1.0
18990 9111 con: 1.0
20048 9111 con: 1.0
5912 9111 con: 1.0
15811 9111 con: 1.0
24517 9111 con: 1.0
13734 9111 con: 1.0
11328 9111 con: 1.0
22313 9111 con: 1.0
27955 9111 con: 1.0
7856 9111 con: 1.0
7045 15988 con: 1.0
26005 15988 con: 1.0
6820 15988 con: 1.0
27117 15988 con: 1.0
28616 24669 con: 1.0
29231 16939 con: 1.0
29231 4775 con: 1.0
14065 17061 con: 1.0
14065 7071 con: 1.0
14065 7061 con: 1.0
14065 7059 con: 1.0
14065 5912 con: 1.0
5912 14065 con: 1.0
14065 15811 con: 1.0
15811 14065 con: 1.0
14065 10325 con: 1.0
14065 13734 con: 1.0
13734 14065 con: 1.0
14065 25651 con: 1.0
14065 17959 con: 1.0
14065 21336 con: 1.0
14065 11328 con: 1.0
11328 14065 con: 1.0
22313 14065 con: 1.0
14065 22313 con: 1.0
14065 26789 con: 1.0
14065 10702 con: 1.0
14065 27955 con: 1.0
27955 14065 con: 1.0
14065 15584 con: 1.0
14065 7856 con: 1.0
7856 14065 con: 1.0
14065 11524 con: 1.0
14065 17214 con: 1.0
2812 10176 con: 1.0
5267 1630 con: 1.0
1630 5267 con: 1.0
24887 5267 con: 1.0
5267 24887 con: 1.0
5268 26434 con: 1.0
5268 24869 con: 1.0
19258 14894 con: 1.0
14894 19258 con: 1.0
6098 12977 con: 1.0
20207 12977 con: 1.0
22244 12977 con: 1.0
6839 26434 con: 1.0
25733 11679 con: 1.0
25733 15584 con: 1.0
7045 15784 con: 1.0
26005 15784 con: 1.0
6820 15784 con: 1.0
27117 15784 con: 1.0
9671 15784 con: 1.0
7045 7059 con: 1.0
7045 9392 con: 1.0
7045 21336 con: 1.0
7045 23549 con: 1.0
26005 7045 con: 1.0
7045 26005 con: 1.0
7045 26972 con: 1.0
7045 4039 con: 1.0
6820 7045 con: 1.0
7045 6820 con: 1.0
7045 11524 con: 1.0
27117 7045 con: 1.0
7045 27117 con: 1.0
7045 20386 con: 1.0
2739 11357 con: 1.0
5912 17061 con: 1.0
15811 17061 con: 1.0
13734 17061 con: 1.0
11328 17061 con: 1.0
22313 17061 con: 1.0
27955 17061 con: 1.0
7856 17061 con: 1.0
17348 17061 con: 1.0
13701 22489 con: 1.0
7004 22489 con: 1.0
5834 22489 con: 1.0
26716 17959 con: 1.0
26716 21336 con: 1.0
12647 3954 con: 1.0
3954 12647 con: 1.0
17081 7071 con: 1.0
5912 7071 con: 1.0
15811 7071 con: 1.0
13734 7071 con: 1.0
11328 7071 con: 1.0
22313 7071 con: 1.0
27955 7071 con: 1.0
7856 7071 con: 1.0
2836 8278 con: 1.0
7070 7061 con: 1.0
7070 18967 con: 1.0
18967 7070 con: 1.0
7070 15584 con: 1.0
7070 13494 con: 1.0
3809 26972 con: 1.0
17081 26699 con: 1.0
17081 22359 con: 1.0
27659 22359 con: 1.0
27659 15718 con: 1.0
15718 27659 con: 1.0
27659 3627 con: 1.0
3627 27659 con: 1.0
22027 8148 con: 1.0
8148 22027 con: 1.0
2836 26699 con: 1.0
18967 7061 con: 1.0
5912 7061 con: 1.0
15811 7061 con: 1.0
13734 7061 con: 1.0
11328 7061 con: 1.0
22313 7061 con: 1.0
27955 7061 con: 1.0
7061 15584 con: 0.75
7856 7061 con: 1.0
9671 7061 con: 1.0
5912 7059 con: 1.0
15811 7059 con: 1.0
13734 7059 con: 1.0
7059 21336 con: 1.0
11328 7059 con: 1.0
22313 7059 con: 1.0
26005 7059 con: 1.0
6820 7059 con: 1.0
27955 7059 con: 1.0
7856 7059 con: 1.0
11524 7059 con: 1.0
7059 11524 con: 1.0
27117 7059 con: 1.0
28899 569 con: 1.0
569 28899 con: 1.0
14796 14581 con: 1.0
14581 14796 con: 1.0
14796 17352 con: 1.0
17352 14796 con: 1.0
27709 14486 con: 1.0
14486 27709 con: 1.0
13592 1591 con: 1.0
1591 13592 con: 1.0
18967 15584 con: 1.0
18967 13494 con: 1.0
12758 14788 con: 1.0
3699 527 con: 1.0
527 3699 con: 1.0
647 527 con: 1.0
527 647 con: 1.0
4731 23342 con: 1.0
23342 4731 con: 1.0
23342 8628 con: 1.0
23342 24869 con: 1.0
24447 10740 con: 1.0
10740 24447 con: 1.0
24447 14408 con: 1.0
14408 24447 con: 1.0
7096 989 con: 1.0
989 7096 con: 1.0
20207 530 con: 1.0
23480 530 con: 1.0
22244 530 con: 1.0
20256 530 con: 1.0
24887 1630 con: 1.0
1630 24887 con: 1.0
8313 5053 con: 1.0
15549 8313 con: 1.0
8313 15549 con: 1.0
8313 10690 con: 1.0
10690 8313 con: 1.0
10393 15584 con: 1.0
18086 5081 con: 1.0
5912 15811 con: 1.0
15811 5912 con: 1.0
5912 10325 con: 1.0
13734 5912 con: 1.0
5912 13734 con: 1.0
5912 25651 con: 1.0
5912 17959 con: 1.0
5912 21336 con: 1.0
5912 11328 con: 1.0
11328 5912 con: 1.0
22313 5912 con: 1.0
5912 22313 con: 1.0
5912 26789 con: 1.0
5912 10702 con: 1.0
5912 27955 con: 1.0
27955 5912 con: 1.0
5912 15584 con: 1.0
5912 7856 con: 1.0
7856 5912 con: 1.0
5912 11524 con: 1.0
5912 17214 con: 1.0
6051 7105 con: 1.0
14446 617 con: 1.0
617 14446 con: 1.0
15860 15584 con: 1.0
624 2764 con: 1.0
2764 624 con: 1.0
624 1691 con: 1.0
1691 624 con: 1.0
6951 15859 con: 1.0
15859 6951 con: 1.0
12758 29099 con: 1.0
12717 29099 con: 1.0
9620 12586 con: 1.0
12586 9620 con: 1.0
8089 11329 con: 1.0
24341 23549 con: 1.0
15811 10325 con: 1.0
13734 15811 con: 1.0
15811 13734 con: 1.0
15811 25651 con: 1.0
15811 17959 con: 1.0
15811 21336 con: 1.0
15811 11328 con: 1.0
11328 15811 con: 1.0
22313 15811 con: 1.0
15811 22313 con: 1.0
15811 26789 con: 1.0
15811 10702 con: 1.0
15811 27955 con: 1.0
27955 15811 con: 1.0
15811 15584 con: 1.0
15811 7856 con: 1.0
7856 15811 con: 1.0
15811 11524 con: 1.0
15811 17214 con: 1.0
5936 2683 con: 1.0
2764 1691 con: 1.0
1691 2764 con: 1.0
10404 10702 con: 1.0
19973 6096 con: 1.0
2613 4761 con: 1.0
4761 2613 con: 1.0
2613 25960 con: 1.0
13734 10325 con: 1.0
12758 10325 con: 1.0
10325 21336 con: 1.0
11328 10325 con: 1.0
22313 10325 con: 1.0
27955 10325 con: 1.0
7856 10325 con: 1.0
15661 7850 con: 1.0
7850 15661 con: 1.0
12717 18024 con: 1.0
17348 18024 con: 1.0
15390 18024 con: 1.0
1771 15584 con: 1.0
1771 17214 con: 1.0
8637 1771 con: 1.0
1771 8637 con: 1.0
3699 647 con: 1.0
647 3699 con: 1.0
26883 16939 con: 1.0
28059 16939 con: 1.0
15718 22359 con: 1.0
3627 22359 con: 1.0
14393 22359 con: 1.0
12541 10308 con: 1.0
10308 12541 con: 1.0
23480 16944 con: 1.0
13701 16944 con: 1.0
7004 16944 con: 1.0
20256 16944 con: 1.0
5834 16944 con: 1.0
13734 25651 con: 1.0
13734 17959 con: 1.0
13734 21336 con: 1.0
13734 11328 con: 1.0
11328 13734 con: 1.0
22313 13734 con: 1.0
13734 22313 con: 1.0
13734 26789 con: 1.0
13734 10702 con: 1.0
13734 27955 con: 1.0
27955 13734 con: 1.0
13734 15584 con: 1.0
13734 7856 con: 1.0
7856 13734 con: 1.0
13734 11524 con: 1.0
13734 17214 con: 1.0
24571 27791 con: 1.0
12379 27791 con: 1.0
23295 27791 con: 1.0
22244 20207 con: 1.0
20207 22244 con: 1.0
11665 24541 con: 1.0
24541 11665 con: 1.0
5848 24541 con: 1.0
24541 5848 con: 1.0
6856 19105 con: 1.0
19105 6856 con: 1.0
25641 13737 con: 1.0
12758 24669 con: 1.0
27977 20180 con: 1.0
15549 5053 con: 1.0
10690 5053 con: 1.0
12758 21336 con: 1.0
12758 22126 con: 1.0
20300 5043 con: 1.0
17400 5043 con: 1.0
2626 12754 con: 1.0
26087 12754 con: 1.0
11304 28124 con: 1.0
28124 11304 con: 1.0
12674 9392 con: 1.0
26005 9392 con: 1.0
6820 9392 con: 1.0
27117 9392 con: 1.0
14415 9392 con: 1.0
23480 20256 con: 1.0
20256 23480 con: 1.0
22246 8446 con: 1.0
8446 22246 con: 1.0
8446 905 con: 1.0
905 8446 con: 1.0
13701 7004 con: 1.0
7004 13701 con: 1.0
13701 5834 con: 1.0
5834 13701 con: 1.0
11670 22371 con: 1.0
22371 11670 con: 1.0
22371 6880 con: 1.0
23295 24571 con: 1.0
24571 23295 con: 1.0
11328 25651 con: 1.0
22313 25651 con: 1.0
27955 25651 con: 1.0
7856 25651 con: 1.0
4750 25651 con: 1.0
9671 3647 con: 1.0
20147 24503 con: 1.0
24503 20147 con: 1.0
2669 11357 con: 1.0
6980 22126 con: 1.0
11767 2683 con: 1.0
3627 15718 con: 1.0
15718 3627 con: 1.0
11328 17959 con: 1.0
22313 17959 con: 1.0
27955 17959 con: 1.0
7856 17959 con: 1.0
26771 26972 con: 1.0
6656 26771 con: 1.0
26771 6656 con: 1.0
11328 21336 con: 1.0
22313 21336 con: 1.0
26005 21336 con: 1.0
6820 21336 con: 1.0
27955 21336 con: 1.0
7856 21336 con: 1.0
11524 21336 con: 1.0
27117 21336 con: 1.0
17331 28985 con: 1.0
28985 17331 con: 1.0
28985 1831 con: 1.0
7936 15584 con: 1.0
10240 17232 con: 1.0
17232 10240 con: 1.0
22280 15584 con: 1.0
12717 7963 con: 1.0
20143 24869 con: 1.0
5834 7004 con: 1.0
7004 5834 con: 1.0
22313 11328 con: 1.0
11328 22313 con: 1.0
11328 26789 con: 1.0
11328 10702 con: 1.0
27955 11328 con: 1.0
11328 27955 con: 1.0
11328 15584 con: 1.0
7856 11328 con: 1.0
11328 7856 con: 1.0
11328 11524 con: 1.0
11328 17214 con: 1.0
12688 17180 con: 1.0
17180 12688 con: 1.0
22313 26789 con: 1.0
22313 10702 con: 1.0
22313 27955 con: 1.0
27955 22313 con: 1.0
22313 15584 con: 1.0
22313 7856 con: 1.0
7856 22313 con: 1.0
22313 11524 con: 1.0
22313 17214 con: 1.0
26005 23549 con: 1.0
6820 23549 con: 1.0
27117 23549 con: 1.0
2626 26087 con: 1.0
26087 2626 con: 1.0
9458 17214 con: 1.0
9458 22126 con: 1.0
6051 7868 con: 1.0
27955 26789 con: 1.0
7856 26789 con: 1.0
14415 12674 con: 1.0
12674 14415 con: 1.0
26005 26972 con: 1.0
26005 4039 con: 1.0
26005 6820 con: 1.0
6820 26005 con: 1.0
26005 11524 con: 1.0
26005 27117 con: 1.0
27117 26005 con: 1.0
26005 20386 con: 1.0
13354 2891 con: 1.0
2891 13354 con: 1.0
27955 10702 con: 1.0
7856 10702 con: 1.0
5736 27912 con: 1.0
27912 5736 con: 1.0
27912 24172 con: 1.0
17352 14581 con: 1.0
14581 17352 con: 1.0
17331 1831 con: 1.0
15549 10690 con: 1.0
10690 15549 con: 1.0
11665 5848 con: 1.0
5848 11665 con: 1.0
21146 10584 con: 1.0
10584 21146 con: 1.0
11670 6880 con: 1.0
6820 26972 con: 1.0
6656 26972 con: 1.0
27117 26972 con: 1.0
21140 6880 con: 1.0
22077 21140 con: 1.0
21140 22077 con: 1.0
22246 905 con: 1.0
905 22246 con: 1.0
20300 17400 con: 1.0
17400 20300 con: 1.0
5736 24172 con: 1.0
6820 4039 con: 1.0
27117 4039 con: 1.0
24892 9525 con: 1.0
9525 24892 con: 1.0
19217 21110 con: 1.0
27961 19394 con: 1.0
10740 14408 con: 1.0
14408 10740 con: 1.0
6820 11524 con: 1.0
27117 6820 con: 1.0
6820 27117 con: 1.0
6820 20386 con: 1.0
27955 15584 con: 1.0
7856 27955 con: 1.0
27955 7856 con: 1.0
27955 11524 con: 1.0
27955 17214 con: 1.0
26883 28059 con: 1.0
28059 26883 con: 1.0
9671 5661 con: 1.0
7856 15584 con: 1.0
9671 15584 con: 1.0
8637 15584 con: 1.0
7856 11524 con: 1.0
7856 17214 con: 1.0
4731 8628 con: 1.0
4731 24869 con: 1.0
15390 6880 con: 1.0
22077 6880 con: 1.0
27117 11524 con: 1.0
8637 17214 con: 1.0
4761 25960 con: 1.0
27117 20386 con: 1.0
20388 4775 con: 1.0
8603 27060 con: 1.0
27060 8603 con: 1.0
24242 3847 con: 1.0
3847 24242 con: 1.0
