15311 13390 con: 1.0
10404 2198 con: 1.0
10353 2198 con: 1.0
10647 2198 con: 1.0
25009 2198 con: 1.0
2199 4819 con: 1.0
12161 2199 con: 1.0
2199 12161 con: 1.0
2199 19394 con: 1.0
14182 23928 con: 1.0
26341 26288 con: 1.0
20279 26288 con: 1.0
27198 26288 con: 1.0
27501 26288 con: 1.0
1390 26288 con: 1.0
15322 21838 con: 1.0
15322 4571 con: 1.0
15322 8978 con: 1.0
8978 15322 con: 1.0
15322 19973 con: 1.0
21400 15322 con: 1.0
15322 21400 con: 1.0
19514 22 con: 1.0
22 19514 con: 1.0
22 11196 con: 1.0
22 14894 con: 1.0
14894 22 con: 1.0
22 526 con: 1.0
526 22 con: 1.0
22 14020 con: 1.0
23143 22 con: 1.0
22 23143 con: 1.0
27033 22 con: 1.0
22 27033 con: 1.0
28675 15315 con: 1.0
20253 26298 con: 1.0
5185 26298 con: 1.0
19523 29465 con: 1.0
20668 19523 con: 1.0
19523 20668 con: 1.0
28184 554 con: 1.0
28184 3627 con: 1.0
28184 15534 con: 1.0
15534 28184 con: 1.0
28184 15405 con: 1.0
15405 28184 con: 1.0
539 21979 con: 1.0
20918 21979 con: 1.0
18515 21979 con: 1.0
5157 21979 con: 1.0
21071 21979 con: 1.0
10268 28177 con: 1.0
18296 28177 con: 1.0
29331 28177 con: 1.0
20579 28177 con: 1.0
13226 17640 con: 1.0
17640 13226 con: 1.0
7611 17640 con: 1.0
17640 7611 con: 1.0
17640 7868 con: 1.0
17640 17214 con: 1.0
454 23878 con: 1.0
23878 454 con: 1.0
23878 527 con: 1.0
2217 21919 con: 1.0
21919 2217 con: 1.0
2217 21533 con: 1.0
2217 27791 con: 1.0
2217 11329 con: 1.0
11329 2217 con: 1.0
2217 23284 con: 1.0
10193 15359 con: 1.0
15359 10193 con: 1.0
62 554 con: 1.0
62 7096 con: 1.0
62 25669 con: 1.0
62 8483 con: 1.0
5310 62 con: 1.0
62 5310 con: 1.0
9549 62 con: 1.0
62 9549 con: 1.0
18167 10948 con: 1.0
12688 10948 con: 1.0
3051 10948 con: 1.0
5598 10948 con: 1.0
10014 10948 con: 1.0
3776 10948 con: 1.0
26341 12674 con: 1.0
26341 20279 con: 1.0
20279 26341 con: 1.0
26341 3032 con: 1.0
14490 13084 con: 1.0
13084 14490 con: 1.0
19837 4479 con: 1.0
819 2257 con: 1.0
28124 2257 con: 1.0
8027 2257 con: 1.0
15258 28270 con: 1.0
2452 28270 con: 1.0
22371 28270 con: 1.0
3536 28270 con: 1.0
11465 28270 con: 1.0
83 7037 con: 1.0
83 8637 con: 1.0
83 25366 con: 1.0
83 3627 con: 1.0
83 23103 con: 1.0
23103 83 con: 1.0
83 21092 con: 1.0
19466 28378 con: 1.0
28378 19466 con: 1.0
19466 1392 con: 1.0
15258 15065 con: 1.0
15258 2452 con: 1.0
2452 15258 con: 1.0
15258 22371 con: 1.0
22371 15258 con: 1.0
15258 3313 con: 1.0
3536 15258 con: 1.0
15258 3536 con: 1.0
15258 18712 con: 1.0
15258 26737 con: 1.0
15258 9567 con: 1.0
23826 23861 con: 1.0
15089 23861 con: 1.0
14011 23861 con: 1.0
24565 13070 con: 1.0
13070 24565 con: 1.0
13070 25596 con: 1.0
13070 14020 con: 1.0
26308 24541 con: 1.0
26308 16624 con: 1.0
16624 26308 con: 1.0
26308 19166 con: 1.0
26308 11638 con: 1.0
11638 26308 con: 1.0
19514 11196 con: 1.0
19514 14894 con: 1.0
14894 19514 con: 1.0
19514 526 con: 1.0
526 19514 con: 1.0
19514 14020 con: 1.0
23143 19514 con: 1.0
19514 23143 con: 1.0
27033 19514 con: 1.0
19514 27033 con: 1.0
21919 21533 con: 1.0
21919 27791 con: 1.0
21919 11329 con: 1.0
11329 21919 con: 1.0
21919 23284 con: 1.0
17590 15138 con: 1.0
11954 6621 con: 1.0
1390 6621 con: 1.0
10893 14930 con: 1.0
10893 22889 con: 1.0
22889 10893 con: 1.0
10893 21110 con: 1.0
8724 22099 con: 1.0
22099 8724 con: 1.0
8724 25329 con: 1.0
8724 14261 con: 1.0
23482 13103 con: 1.0
13103 23482 con: 1.0
13103 1758 con: 1.0
1758 13103 con: 1.0
13103 9522 con: 1.0
9522 13103 con: 1.0
15089 23826 con: 1.0
23826 15089 con: 1.0
23826 14011 con: 1.0
14011 23826 con: 1.0
10866 4163 con: 1.0
4163 10866 con: 1.0
10866 9389 con: 1.0
9389 10866 con: 1.0
10866 9479 con: 1.0
9479 10866 con: 1.0
10866 17232 con: 1.0
17232 10866 con: 1.0
11201 143 con: 1.0
19673 25372 con: 1.0
26619 21865 con: 1.0
12747 21865 con: 1.0
10171 21865 con: 1.0
23241 21865 con: 1.0
155 15094 con: 1.0
15094 155 con: 1.0
155 12346 con: 1.0
12346 155 con: 1.0
155 29547 con: 1.0
11159 19660 con: 1.0
19660 11159 con: 1.0
19660 20297 con: 1.0
19660 4667 con: 1.0
4667 19660 con: 1.0
1079 19660 con: 1.0
19660 1079 con: 1.0
17512 14821 con: 1.0
26121 18697 con: 1.0
26121 20548 con: 1.0
20548 26121 con: 1.0
26121 8028 con: 1.0
8028 26121 con: 1.0
26121 21146 con: 1.0
21146 26121 con: 1.0
19702 17748 con: 1.0
22609 19702 con: 1.0
19702 22609 con: 1.0
19702 18791 con: 1.0
18791 19702 con: 1.0
19702 9567 con: 1.0
4510 26614 con: 1.0
21632 4510 con: 1.0
4510 21632 con: 1.0
4510 949 con: 1.0
4510 29465 con: 1.0
12865 26114 con: 1.0
19941 26114 con: 1.0
1004 26114 con: 1.0
18572 26114 con: 1.0
5590 26114 con: 1.0
15799 26114 con: 1.0
1773 26114 con: 1.0
7975 26114 con: 1.0
4499 10702 con: 1.0
4499 27927 con: 1.0
4499 2999 con: 1.0
4499 18829 con: 1.0
834 21840 con: 1.0
21840 834 con: 1.0
21840 12433 con: 1.0
12433 21840 con: 1.0
22547 21840 con: 1.0
21840 22547 con: 1.0
22664 21840 con: 1.0
21840 22664 con: 1.0
21840 19328 con: 1.0
19328 21840 con: 1.0
10840 3151 con: 1.0
10840 25366 con: 1.0
24015 11196 con: 1.0
24015 12162 con: 1.0
24015 11679 con: 1.0
21847 7297 con: 1.0
21833 15018 con: 1.0
21833 527 con: 1.0
21833 9620 con: 1.0
8978 21838 con: 1.0
25960 21838 con: 1.0
21400 21838 con: 1.0
26894 21838 con: 1.0
19686 18281 con: 1.0
6431 26516 con: 1.0
24929 6431 con: 1.0
6431 24929 con: 1.0
13285 23779 con: 1.0
13285 11080 con: 1.0
13285 21593 con: 1.0
28135 13285 con: 1.0
13285 28135 con: 1.0
13285 20800 con: 1.0
207 19632 con: 1.0
19632 207 con: 1.0
207 25642 con: 1.0
25642 207 con: 1.0
207 8637 con: 1.0
207 25215 con: 1.0
25215 207 con: 1.0
207 9912 con: 1.0
207 13878 con: 1.0
13878 207 con: 1.0
207 16722 con: 1.0
207 14020 con: 1.0
207 14048 con: 1.0
207 21462 con: 1.0
21462 207 con: 1.0
207 7990 con: 1.0
7990 207 con: 1.0
207 5845 con: 1.0
207 5848 con: 1.0
6498 20338 con: 1.0
20338 6498 con: 1.0
6498 1138 con: 1.0
1138 6498 con: 1.0
6498 7297 con: 1.0
6498 16722 con: 1.0
6498 10232 con: 1.0
10232 6498 con: 1.0
1565 6498 con: 1.0
6498 1565 con: 1.0
13779 6498 con: 1.0
6498 13779 con: 1.0
6498 9563 con: 1.0
6498 11635 con: 1.0
11635 6498 con: 1.0
28410 2683 con: 1.0
28410 8637 con: 1.0
24844 28410 con: 1.0
28410 24844 con: 1.0
194 554 con: 1.0
1539 28391 con: 1.0
6520 27791 con: 1.0
6520 25386 con: 1.0
15602 6520 con: 1.0
6520 15602 con: 1.0
239 21657 con: 1.0
239 8637 con: 1.0
239 12076 con: 1.0
12076 239 con: 1.0
239 7868 con: 1.0
8978 4571 con: 1.0
21400 4571 con: 1.0
11280 4571 con: 1.0
8842 7096 con: 1.0
25642 19632 con: 1.0
19632 25642 con: 1.0
19632 8637 con: 1.0
19632 25215 con: 1.0
25215 19632 con: 1.0
19632 9912 con: 1.0
19632 13878 con: 1.0
13878 19632 con: 1.0
19632 16722 con: 1.0
19632 14020 con: 1.0
19632 14048 con: 1.0
19632 21462 con: 1.0
21462 19632 con: 1.0
19632 7990 con: 1.0
7990 19632 con: 1.0
19632 5845 con: 1.0
19632 5848 con: 1.0
17449 14902 con: 1.0
17449 4644 con: 1.0
17446 2669 con: 1.0
2669 17446 con: 1.0
17446 18741 con: 1.0
17446 18805 con: 1.0
17446 23403 con: 1.0
23403 17446 con: 1.0
26180 14821 con: 1.0
14240 26180 con: 1.0
26180 14240 con: 1.0
28378 1392 con: 1.0
10282 255 con: 1.0
819 255 con: 1.0
8027 255 con: 1.0
9487 255 con: 1.0
28653 17470 con: 1.0
10329 17470 con: 1.0
2929 17470 con: 1.0
18937 17470 con: 1.0
13226 7611 con: 1.0
7611 13226 con: 1.0
13226 7868 con: 1.0
13226 17214 con: 1.0
12865 19941 con: 1.0
19941 12865 con: 1.0
12865 2771 con: 1.0
12865 29203 con: 1.0
12865 15799 con: 1.0
15799 12865 con: 1.0
12865 1773 con: 1.0
1773 12865 con: 1.0
2452 15065 con: 1.0
22371 15065 con: 1.0
3536 15065 con: 1.0
1390 15065 con: 1.0
2764 28463 con: 1.0
20579 28463 con: 1.0
4125 23656 con: 1.0
7061 23656 con: 1.0
14573 23656 con: 1.0
9878 23656 con: 1.0
17356 23656 con: 1.0
805 28465 con: 1.0
264 4307 con: 1.0
7070 264 con: 1.0
264 7070 con: 1.0
264 22894 con: 1.0
22894 264 con: 1.0
21501 12888 con: 1.0
12888 21501 con: 1.0
22371 2452 con: 1.0
2452 22371 con: 1.0
2452 3313 con: 1.0
3536 2452 con: 1.0
2452 3536 con: 1.0
2452 18712 con: 1.0
2452 26737 con: 1.0
2452 9567 con: 1.0
27505 15096 con: 1.0
6299 6190 con: 1.0
6190 6299 con: 1.0
6299 11080 con: 1.0
6299 12220 con: 1.0
24929 26516 con: 1.0
15089 14011 con: 1.0
14011 15089 con: 1.0
18185 26523 con: 1.0
26523 18185 con: 1.0
19813 25483 con: 1.0
26806 19813 con: 1.0
19813 26806 con: 1.0
12489 2471 con: 1.0
2471 12489 con: 1.0
2471 12435 con: 1.0
6113 2471 con: 1.0
2471 6113 con: 1.0
12346 15094 con: 1.0
15094 12346 con: 1.0
15094 29547 con: 1.0
15081 16300 con: 1.0
16300 15081 con: 1.0
21715 7096 con: 1.0
21715 27791 con: 1.0
21715 24070 con: 1.0
24070 21715 con: 1.0
21715 14415 con: 1.0
21715 7654 con: 1.0
7654 21715 con: 1.0
21715 25329 con: 1.0
21715 3151 con: 1.0
21715 26860 con: 1.0
26860 21715 con: 1.0
21715 19166 con: 1.0
4329 19829 con: 1.0
19829 4329 con: 1.0
18388 19829 con: 1.0
19829 18388 con: 1.0
19829 22043 con: 1.0
9991 19829 con: 1.0
19829 9991 con: 1.0
27401 19829 con: 1.0
19829 27401 con: 1.0
19829 29084 con: 1.0
4125 4281 con: 1.0
14573 4125 con: 1.0
4125 14573 con: 1.0
9878 4125 con: 1.0
4125 9878 con: 1.0
17356 4125 con: 1.0
4125 17356 con: 1.0
28438 8689 con: 1.0
23622 5086 con: 1.0
23622 24196 con: 1.0
21632 26614 con: 1.0
20579 26614 con: 1.0
6398 12394 con: 1.0
6398 23304 con: 1.0
23304 6398 con: 1.0
6398 3626 con: 1.0
24306 11176 con: 1.0
27160 11176 con: 1.0
11465 11176 con: 1.0
15831 11176 con: 1.0
5661 11176 con: 1.0
22313 17823 con: 1.0
3047 17823 con: 1.0
15395 17823 con: 1.0
23241 26619 con: 1.0
26619 23241 con: 1.0
14894 11196 con: 1.0
526 11196 con: 1.0
24242 11196 con: 1.0
7456 11196 con: 1.0
27406 11196 con: 1.0
27625 11196 con: 1.0
23143 11196 con: 1.0
27033 11196 con: 1.0
3051 4220 con: 1.0
10014 4220 con: 1.0
3776 4220 con: 1.0
19277 4220 con: 1.0
2513 2963 con: 1.0
21632 949 con: 1.0
21632 29465 con: 1.0
26576 14902 con: 1.0
26576 4949 con: 1.0
26576 16406 con: 1.0
26576 11790 con: 1.0
26576 18730 con: 1.0
26576 29095 con: 1.0
29095 26576 con: 1.0
11612 26576 con: 1.0
26576 11612 con: 1.0
4163 9389 con: 1.0
9389 4163 con: 1.0
4163 9479 con: 1.0
9479 4163 con: 1.0
4163 17232 con: 1.0
17232 4163 con: 1.0
8978 19973 con: 1.0
21400 8978 con: 1.0
8978 21400 con: 1.0
4172 7868 con: 1.0
19745 14902 con: 1.0
19745 5086 con: 1.0
19745 12352 con: 1.0
19745 16406 con: 1.0
2929 6352 con: 1.0
11969 15018 con: 1.0
11159 20297 con: 1.0
11159 4667 con: 1.0
4667 11159 con: 1.0
11159 1079 con: 1.0
1079 11159 con: 1.0
14533 21657 con: 1.0
12076 21657 con: 1.0
22889 14930 con: 1.0
27637 14930 con: 1.0
26416 8689 con: 1.0
26416 15907 con: 1.0
15907 26416 con: 1.0
22609 17748 con: 1.0
18791 17748 con: 1.0
20579 17748 con: 1.0
2323 4709 con: 1.0
4709 2323 con: 1.0
2323 14360 con: 1.0
14360 2323 con: 1.0
2323 27111 con: 1.0
27111 2323 con: 1.0
9195 16668 con: 1.0
16668 9195 con: 1.0
9195 19102 con: 1.0
19102 9195 con: 1.0
28135 23779 con: 1.0
14573 4281 con: 1.0
9878 4281 con: 1.0
17356 4281 con: 1.0
23783 6154 con: 1.0
6154 23783 con: 1.0
20164 23783 con: 1.0
23783 20164 con: 1.0
23783 24503 con: 1.0
24503 23783 con: 1.0
23783 12352 con: 1.0
23783 3627 con: 1.0
13020 7096 con: 1.0
13020 23475 con: 1.0
23475 13020 con: 1.0
539 23781 con: 1.0
18466 23781 con: 1.0
18515 23781 con: 1.0
18736 23781 con: 1.0
5157 23781 con: 1.0
21071 23781 con: 1.0
6190 11080 con: 1.0
6190 12220 con: 1.0
19941 2771 con: 1.0
19941 29203 con: 1.0
19941 15799 con: 1.0
15799 19941 con: 1.0
19941 1773 con: 1.0
1773 19941 con: 1.0
5043 11080 con: 1.0
28135 11080 con: 1.0
20484 11080 con: 1.0
11482 11080 con: 1.0
14969 25483 con: 1.0
14969 6104 con: 1.0
6104 14969 con: 1.0
20617 6175 con: 1.0
6175 20617 con: 1.0
6175 1392 con: 1.0
21338 6175 con: 1.0
6175 21338 con: 1.0
24942 6175 con: 1.0
6175 24942 con: 1.0
18289 21593 con: 1.0
28135 21593 con: 1.0
17760 24737 con: 1.0
24737 17760 con: 1.0
20164 6154 con: 1.0
6154 20164 con: 1.0
24503 6154 con: 1.0
6154 24503 con: 1.0
6154 12352 con: 1.0
6154 3627 con: 1.0
3047 2367 con: 1.0
422 5443 con: 1.0
422 13787 con: 1.0
422 13390 con: 1.0
476 27791 con: 1.0
476 23273 con: 1.0
23273 476 con: 1.0
28641 7037 con: 1.0
28641 20297 con: 1.0
28641 2945 con: 1.0
28641 6868 con: 1.0
6868 28641 con: 1.0
28641 8483 con: 1.0
28641 14233 con: 1.0
14233 28641 con: 1.0
28641 25386 con: 1.0
28945 28641 con: 1.0
28641 28945 con: 1.0
28641 27035 con: 1.0
27035 28641 con: 1.0
28641 24869 con: 1.0
18388 4329 con: 1.0
4329 18388 con: 1.0
4329 22043 con: 1.0
4329 9991 con: 1.0
9991 4329 con: 1.0
4329 27401 con: 1.0
27401 4329 con: 1.0
4329 29084 con: 1.0
11052 26722 con: 1.0
17118 11052 con: 1.0
11052 17118 con: 1.0
24514 4324 con: 1.0
4324 24514 con: 1.0
28653 10329 con: 1.0
10329 28653 con: 1.0
28653 28975 con: 1.0
619 4320 con: 1.0
4320 619 con: 1.0
26034 4320 con: 1.0
4320 26034 con: 1.0
18891 4320 con: 1.0
4320 18891 con: 1.0
4320 29203 con: 1.0
21392 4320 con: 1.0
4320 21392 con: 1.0
24277 28662 con: 1.0
1390 28662 con: 1.0
454 527 con: 1.0
28669 9563 con: 1.0
28669 7812 con: 1.0
4336 18072 con: 1.0
4336 22043 con: 1.0
4336 3313 con: 1.0
24325 14902 con: 1.0
20484 14902 con: 1.0
13592 14902 con: 1.0
29095 14902 con: 1.0
13737 14902 con: 1.0
11612 14902 con: 1.0
16361 28621 con: 1.0
29197 28621 con: 1.0
8528 9111 con: 1.0
9111 8528 con: 1.0
3458 9111 con: 1.0
9111 3458 con: 1.0
1548 9111 con: 1.0
9111 1548 con: 1.0
9111 7680 con: 1.0
9111 23284 con: 1.0
20484 2421 con: 1.0
20579 2421 con: 1.0
11329 21533 con: 1.0
14887 24440 con: 1.0
24440 14887 con: 1.0
14887 1995 con: 1.0
1995 14887 con: 1.0
17706 7105 con: 1.0
17706 2683 con: 1.0
526 14894 con: 1.0
14894 526 con: 1.0
14894 14020 con: 1.0
23143 14894 con: 1.0
14894 23143 con: 1.0
27033 14894 con: 1.0
14894 27033 con: 1.0
17242 12977 con: 1.0
7070 4307 con: 1.0
6988 4307 con: 1.0
22894 4307 con: 1.0
3977 4307 con: 1.0
18097 25733 con: 1.0
22999 25733 con: 1.0
8261 3032 con: 1.0
11864 8261 con: 1.0
8261 11864 con: 1.0
8261 27514 con: 1.0
10461 22269 con: 1.0
22269 10461 con: 1.0
10461 903 con: 1.0
903 10461 con: 1.0
10461 1197 con: 1.0
1197 10461 con: 1.0
10461 15874 con: 1.0
15874 10461 con: 1.0
10461 26634 con: 1.0
26634 10461 con: 1.0
10461 3592 con: 1.0
3592 10461 con: 1.0
10461 13554 con: 1.0
13554 10461 con: 1.0
11631 10461 con: 1.0
10461 11631 con: 1.0
22482 12606 con: 1.0
12606 22482 con: 1.0
15828 22482 con: 1.0
22482 15828 con: 1.0
4762 8257 con: 1.0
18275 8257 con: 1.0
27205 8257 con: 1.0
9792 8257 con: 1.0
10151 8257 con: 1.0
14240 14821 con: 1.0
5310 554 con: 1.0
15534 554 con: 1.0
9549 554 con: 1.0
15405 554 con: 1.0
953 24385 con: 1.0
24385 953 con: 1.0
10584 24385 con: 1.0
24385 10584 con: 1.0
24385 29099 con: 1.0
7070 22894 con: 1.0
22894 7070 con: 1.0
18167 12688 con: 1.0
12688 18167 con: 1.0
18167 5598 con: 1.0
5598 18167 con: 1.0
18167 27514 con: 1.0
24427 2729 con: 1.0
2729 24427 con: 1.0
24447 2729 con: 1.0
2729 24447 con: 1.0
2729 18075 con: 1.0
27946 2729 con: 1.0
2729 27946 con: 1.0
2729 3151 con: 1.0
2729 14020 con: 1.0
2729 19023 con: 1.0
19023 2729 con: 1.0
2729 5799 con: 1.0
19405 2729 con: 1.0
2729 19405 con: 1.0
27711 22359 con: 1.0
22359 27711 con: 1.0
7080 12168 con: 1.0
24447 24427 con: 1.0
24427 24447 con: 1.0
24427 18075 con: 1.0
27946 24427 con: 1.0
24427 27946 con: 1.0
24427 3151 con: 1.0
24427 14020 con: 1.0
24427 19023 con: 1.0
19023 24427 con: 1.0
24427 5799 con: 1.0
19405 24427 con: 1.0
24427 19405 con: 1.0
526 14020 con: 1.0
23143 526 con: 1.0
526 23143 con: 1.0
27033 526 con: 1.0
526 27033 con: 1.0
24417 16722 con: 1.0
24898 24417 con: 1.0
24417 24898 con: 1.0
24447 18075 con: 1.0
24447 27946 con: 1.0
27946 24447 con: 1.0
24447 3151 con: 1.0
24447 14020 con: 1.0
24447 19023 con: 1.0
19023 24447 con: 1.0
24447 5799 con: 1.0
19405 24447 con: 1.0
24447 19405 con: 1.0
24440 1995 con: 1.0
1995 24440 con: 1.0
24070 7096 con: 1.0
25933 7096 con: 1.0
1004 7096 con: 1.0
7654 7096 con: 1.0
5590 7096 con: 1.0
5310 7096 con: 1.0
26860 7096 con: 1.0
23475 7096 con: 1.0
9549 7096 con: 1.0
19421 7096 con: 1.0
542 20800 con: 1.0
20918 8313 con: 1.0
539 7037 con: 1.0
18515 539 con: 1.0
539 18515 con: 1.0
5157 539 con: 1.0
539 5157 con: 1.0
539 1461 con: 1.0
539 29224 con: 1.0
539 17214 con: 1.0
21071 539 con: 1.0
539 21071 con: 1.0
539 21092 con: 1.0
614 20679 con: 1.0
20679 614 con: 1.0
29095 4949 con: 1.0
11612 4949 con: 1.0
26034 619 con: 1.0
619 26034 con: 1.0
18891 619 con: 1.0
619 18891 con: 1.0
619 29203 con: 1.0
619 21392 con: 1.0
21392 619 con: 1.0
617 7105 con: 1.0
617 29547 con: 1.0
24780 617 con: 1.0
617 24780 con: 1.0
24780 7105 con: 1.0
15828 12606 con: 1.0
12606 15828 con: 1.0
24325 22280 con: 1.0
24325 12394 con: 1.0
24325 6724 con: 1.0
24325 5458 con: 1.0
13592 24325 con: 1.0
24325 13592 con: 1.0
13737 24325 con: 1.0
24325 13737 con: 1.0
24325 7822 con: 1.0
12576 18805 con: 1.0
18097 22999 con: 1.0
22999 18097 con: 1.0
18097 7868 con: 1.0
19993 12790 con: 1.0
12790 19993 con: 1.0
19993 18281 con: 1.0
19993 16155 con: 1.0
16155 19993 con: 1.0
19993 15631 con: 1.0
19993 21225 con: 1.0
21225 19993 con: 1.0
14596 7150 con: 1.0
7150 14596 con: 1.0
20579 2771 con: 1.0
15799 2771 con: 1.0
1773 2771 con: 1.0
2764 27791 con: 1.0
10097 18072 con: 1.0
10247 22442 con: 1.0
22442 10247 con: 1.0
27946 18075 con: 1.0
25960 18075 con: 1.0
19023 18075 con: 1.0
19405 18075 con: 1.0
21400 19973 con: 1.0
10404 10647 con: 1.0
10647 10404 con: 1.0
19974 25669 con: 1.0
21345 19974 con: 1.0
19974 21345 con: 1.0
24519 2683 con: 1.0
24519 14580 con: 1.0
24519 25260 con: 1.0
24519 12168 con: 1.0
24519 26722 con: 1.0
24519 11767 con: 1.0
11767 24519 con: 1.0
22365 27092 con: 1.0
11969 18024 con: 1.0
15672 679 con: 1.0
12790 18281 con: 1.0
16155 12790 con: 1.0
12790 16155 con: 1.0
12790 15631 con: 1.0
21225 12790 con: 1.0
12790 21225 con: 1.0
10329 28975 con: 1.0
8409 8689 con: 1.0
8409 9948 con: 1.0
9948 8409 con: 1.0
9230 8409 con: 1.0
8409 9230 con: 1.0
9242 8409 con: 1.0
8409 9242 con: 1.0
8409 3626 con: 1.0
6968 27791 con: 1.0
24070 27791 con: 1.0
18196 27791 con: 1.0
7654 27791 con: 1.0
9899 27791 con: 1.0
7354 27791 con: 1.0
26860 27791 con: 1.0
11329 27791 con: 1.0
24616 27791 con: 1.0
15602 27791 con: 1.0
23273 27791 con: 1.0
16624 24541 con: 1.0
17177 24541 con: 1.0
11638 24541 con: 1.0
10353 12063 con: 1.0
10353 25009 con: 1.0
25009 10353 con: 1.0
25642 8637 con: 1.0
25642 25215 con: 1.0
25215 25642 con: 1.0
25642 9912 con: 1.0
25642 13878 con: 1.0
13878 25642 con: 1.0
25642 16722 con: 1.0
25642 14020 con: 1.0
25642 14048 con: 1.0
25642 21462 con: 1.0
21462 25642 con: 1.0
25642 7990 con: 1.0
7990 25642 con: 1.0
25642 5845 con: 1.0
25642 5848 con: 1.0
5081 14666 con: 1.0
14666 5081 con: 1.0
14666 14265 con: 1.0
24565 25596 con: 1.0
24565 14020 con: 1.0
20164 24503 con: 1.0
24503 20164 con: 1.0
20164 12352 con: 1.0
20164 3627 con: 1.0
12747 14580 con: 1.0
12747 10171 con: 1.0
10171 12747 con: 1.0
2568 14415 con: 1.0
2568 5845 con: 1.0
6968 9899 con: 1.0
9899 6968 con: 1.0
7354 6968 con: 1.0
6968 7354 con: 1.0
24616 6968 con: 1.0
6968 24616 con: 1.0
22371 3313 con: 1.0
3536 22371 con: 1.0
22371 3536 con: 1.0
22371 18712 con: 1.0
22371 26737 con: 1.0
22371 9567 con: 1.0
15887 18002 con: 1.0
5987 18002 con: 1.0
5081 14265 con: 1.0
25933 5086 con: 1.0
19421 5086 con: 1.0
20506 2683 con: 1.0
11448 2683 con: 1.0
11767 2683 con: 1.0
24844 2683 con: 1.0
5310 25669 con: 1.0
21345 25669 con: 1.0
9549 25669 con: 1.0
18296 10268 con: 1.0
10268 18296 con: 1.0
29331 10268 con: 1.0
10268 29331 con: 1.0
6988 29547 con: 1.0
3977 6988 con: 1.0
6988 3977 con: 1.0
18466 22280 con: 1.0
3093 22280 con: 1.0
27505 22280 con: 1.0
18736 22280 con: 1.0
13592 22280 con: 1.0
13737 22280 con: 1.0
7004 1392 con: 1.0
21094 7004 con: 1.0
7004 21094 con: 1.0
2669 18741 con: 1.0
2669 18805 con: 1.0
23403 2669 con: 1.0
2669 23403 con: 1.0
17972 15631 con: 1.0
10225 17920 con: 1.0
17920 10225 con: 1.0
21315 17920 con: 1.0
17920 21315 con: 1.0
17920 9472 con: 1.0
12688 5598 con: 1.0
5598 12688 con: 1.0
12688 27514 con: 1.0
14603 12541 con: 1.0
14603 24704 con: 1.0
14451 20127 con: 1.0
20127 14451 con: 1.0
9919 20127 con: 1.0
20127 9919 con: 1.0
27638 20127 con: 1.0
20127 27638 con: 1.0
20127 25372 con: 1.0
22313 12541 con: 1.0
22313 15395 con: 1.0
15395 22313 con: 1.0
24503 12352 con: 1.0
24503 3627 con: 1.0
20279 12674 con: 1.0
10282 9486 con: 1.0
9487 10282 con: 1.0
10282 9487 con: 1.0
6868 7037 con: 1.0
18515 7037 con: 1.0
14233 7037 con: 1.0
5157 7037 con: 1.0
28945 7037 con: 1.0
23103 7037 con: 1.0
21071 7037 con: 1.0
27035 7037 con: 1.0
5094 6880 con: 1.0
8375 12063 con: 1.0
3458 8528 con: 1.0
8528 3458 con: 1.0
1548 8528 con: 1.0
8528 1548 con: 1.0
8528 7680 con: 1.0
8528 23284 con: 1.0
819 14580 con: 1.0
8027 819 con: 1.0
819 8027 con: 1.0
10171 14580 con: 1.0
8027 14580 con: 1.0
11767 14580 con: 1.0
27160 12394 con: 1.0
5185 12394 con: 1.0
23304 12394 con: 1.0
13592 12394 con: 1.0
13737 12394 con: 1.0
805 16463 con: 1.0
9878 14573 con: 1.0
14573 9878 con: 1.0
14573 17356 con: 1.0
17356 14573 con: 1.0
25933 27927 con: 1.0
19421 27927 con: 1.0
11969 2999 con: 1.0
1138 20338 con: 1.0
20338 1138 con: 1.0
20338 7297 con: 1.0
20338 16722 con: 1.0
10232 20338 con: 1.0
20338 10232 con: 1.0
1565 20338 con: 1.0
20338 1565 con: 1.0
13779 20338 con: 1.0
20338 13779 con: 1.0
20338 9563 con: 1.0
11635 20338 con: 1.0
20338 11635 con: 1.0
18388 22043 con: 1.0
18388 9991 con: 1.0
9991 18388 con: 1.0
18388 27401 con: 1.0
27401 18388 con: 1.0
18388 29084 con: 1.0
27946 3151 con: 1.0
27946 14020 con: 1.0
27946 19023 con: 1.0
19023 27946 con: 1.0
27946 5799 con: 1.0
19405 27946 con: 1.0
27946 19405 con: 1.0
18891 26034 con: 1.0
26034 18891 con: 1.0
26034 29203 con: 1.0
26034 21392 con: 1.0
21392 26034 con: 1.0
4667 20297 con: 1.0
6868 20297 con: 1.0
1079 20297 con: 1.0
14233 20297 con: 1.0
10097 20297 con: 1.0
28945 20297 con: 1.0
27035 20297 con: 1.0
20253 12352 con: 1.0
11465 12352 con: 1.0
5856 12352 con: 1.0
10726 7812 con: 1.0
6868 2945 con: 1.0
14233 2945 con: 1.0
28945 2945 con: 1.0
17177 2945 con: 1.0
27035 2945 con: 1.0
903 22269 con: 1.0
22269 903 con: 1.0
22269 1197 con: 1.0
1197 22269 con: 1.0
22269 15874 con: 1.0
15874 22269 con: 1.0
22269 26634 con: 1.0
26634 22269 con: 1.0
3592 22269 con: 1.0
22269 3592 con: 1.0
13554 22269 con: 1.0
22269 13554 con: 1.0
11631 22269 con: 1.0
22269 11631 con: 1.0
14533 14261 con: 1.0
14533 18805 con: 1.0
14533 17060 con: 1.0
10741 4738 con: 1.0
4738 10741 con: 1.0
10741 18180 con: 1.0
1282 10741 con: 1.0
10741 1282 con: 1.0
27615 10741 con: 1.0
10741 27615 con: 1.0
29078 10741 con: 1.0
10741 29078 con: 1.0
7762 10741 con: 1.0
10741 7762 con: 1.0
19379 10741 con: 1.0
10741 19379 con: 1.0
3047 2963 con: 1.0
1079 4667 con: 1.0
4667 1079 con: 1.0
3051 18180 con: 1.0
3051 10014 con: 1.0
10014 3051 con: 1.0
3776 3051 con: 1.0
3051 3776 con: 1.0
1155 14525 con: 1.0
14525 1155 con: 1.0
6868 8483 con: 1.0
14233 6868 con: 1.0
6868 14233 con: 1.0
6868 25386 con: 1.0
28945 6868 con: 1.0
6868 28945 con: 1.0
27035 6868 con: 1.0
6868 27035 con: 1.0
6868 24869 con: 1.0
4694 7868 con: 1.0
12346 29547 con: 1.0
20279 3032 con: 1.0
24070 14415 con: 1.0
7654 24070 con: 1.0
24070 7654 con: 1.0
24070 25329 con: 1.0
24070 3151 con: 1.0
26860 24070 con: 1.0
24070 26860 con: 1.0
24070 19166 con: 1.0
4709 14360 con: 1.0
14360 4709 con: 1.0
4709 27111 con: 1.0
27111 4709 con: 1.0
14482 6880 con: 1.0
14482 29547 con: 1.0
27567 14482 con: 1.0
14482 27567 con: 1.0
834 12433 con: 1.0
12433 834 con: 1.0
834 22547 con: 1.0
22547 834 con: 1.0
834 22664 con: 1.0
22664 834 con: 1.0
834 19328 con: 1.0
19328 834 con: 1.0
14233 8483 con: 1.0
5310 8483 con: 1.0
28945 8483 con: 1.0
9549 8483 con: 1.0
27035 8483 con: 1.0
11864 3032 con: 1.0
12243 3032 con: 1.0
20253 24196 con: 1.0
20253 14020 con: 1.0
11605 4731 con: 1.0
27567 6880 con: 1.0
28017 19217 con: 1.0
28017 9620 con: 1.0
17244 14470 con: 1.0
14470 17244 con: 1.0
8495 14261 con: 1.0
24277 12078 con: 1.0
8669 16302 con: 1.0
16302 8669 con: 1.0
8669 14119 con: 1.0
14119 8669 con: 1.0
29490 8669 con: 1.0
8669 29490 con: 1.0
8669 12285 con: 1.0
15946 8669 con: 1.0
8669 15946 con: 1.0
8669 13757 con: 1.0
13757 8669 con: 1.0
9363 6672 con: 1.0
18296 29331 con: 1.0
29331 18296 con: 1.0
953 10584 con: 1.0
10584 953 con: 1.0
953 29099 con: 1.0
14451 9919 con: 1.0
9919 14451 con: 1.0
14451 27638 con: 1.0
27638 14451 con: 1.0
14451 25372 con: 1.0
4738 18180 con: 1.0
1282 4738 con: 1.0
4738 1282 con: 1.0
27615 4738 con: 1.0
4738 27615 con: 1.0
29078 4738 con: 1.0
4738 29078 con: 1.0
7762 4738 con: 1.0
4738 7762 con: 1.0
19379 4738 con: 1.0
4738 19379 con: 1.0
4762 12541 con: 1.0
18275 12541 con: 1.0
27205 12541 con: 1.0
9792 12541 con: 1.0
10151 12541 con: 1.0
15395 12541 con: 1.0
20470 7868 con: 1.0
16155 18281 con: 1.0
21225 18281 con: 1.0
4762 18275 con: 1.0
18275 4762 con: 1.0
27205 4762 con: 1.0
4762 27205 con: 1.0
4762 9792 con: 1.0
9792 4762 con: 1.0
10151 4762 con: 1.0
4762 10151 con: 1.0
10584 29099 con: 1.0
22099 25329 con: 1.0
22099 14261 con: 1.0
27205 18275 con: 1.0
18275 27205 con: 1.0
9792 18275 con: 1.0
18275 9792 con: 1.0
10151 18275 con: 1.0
18275 10151 con: 1.0
22126 5848 con: 1.0
24306 18712 con: 1.0
5661 24306 con: 1.0
24306 5661 con: 1.0
12489 12435 con: 1.0
6113 12489 con: 1.0
12489 6113 con: 1.0
9948 8689 con: 1.0
15907 8689 con: 1.0
9230 8689 con: 1.0
9242 8689 con: 1.0
11465 8689 con: 1.0
7654 14415 con: 1.0
26860 14415 con: 1.0
903 1197 con: 1.0
1197 903 con: 1.0
903 15874 con: 1.0
15874 903 con: 1.0
903 26634 con: 1.0
26634 903 con: 1.0
3592 903 con: 1.0
903 3592 con: 1.0
13554 903 con: 1.0
903 13554 con: 1.0
11631 903 con: 1.0
903 11631 con: 1.0
18227 29213 con: 1.0
24194 9906 con: 1.0
9906 24194 con: 1.0
9991 22043 con: 1.0
27401 22043 con: 1.0
20579 24196 con: 1.0
25933 14048 con: 1.0
19421 25933 con: 1.0
25933 19421 con: 1.0
29364 6724 con: 1.0
13592 6724 con: 1.0
13737 6724 con: 1.0
5590 1004 con: 1.0
1004 5590 con: 1.0
12161 4819 con: 1.0
6734 16939 con: 1.0
28135 20800 con: 1.0
12431 16110 con: 1.0
25215 8637 con: 1.0
13878 8637 con: 1.0
12076 8637 con: 1.0
21462 8637 con: 1.0
9363 8637 con: 1.0
7990 8637 con: 1.0
23103 8637 con: 1.0
27028 8637 con: 1.0
24844 8637 con: 1.0
14360 27111 con: 1.0
27111 14360 con: 1.0
3185 8630 con: 1.0
5529 8630 con: 1.0
3423 8630 con: 1.0
9340 8630 con: 1.0
970 23206 con: 1.0
23206 970 con: 1.0
6113 12435 con: 1.0
22547 12433 con: 1.0
12433 22547 con: 1.0
22664 12433 con: 1.0
12433 22664 con: 1.0
12433 19328 con: 1.0
19328 12433 con: 1.0
10014 18180 con: 1.0
1282 18180 con: 1.0
27615 18180 con: 1.0
3776 18180 con: 1.0
29078 18180 con: 1.0
7762 18180 con: 1.0
19379 18180 con: 1.0
7654 25329 con: 1.0
7654 3151 con: 1.0
7654 26860 con: 1.0
26860 7654 con: 1.0
7654 19166 con: 1.0
20918 3658 con: 1.0
22916 25329 con: 1.0
22552 25329 con: 1.0
26860 25329 con: 1.0
7620 21110 con: 1.0
7616 9842 con: 1.0
9842 7616 con: 1.0
3536 3313 con: 1.0
16302 14119 con: 1.0
14119 16302 con: 1.0
29490 16302 con: 1.0
16302 29490 con: 1.0
16302 12285 con: 1.0
15946 16302 con: 1.0
16302 15946 con: 1.0
16302 13757 con: 1.0
13757 16302 con: 1.0
13592 5458 con: 1.0
13737 5458 con: 1.0
11931 3151 con: 1.0
11931 14020 con: 1.0
11931 29203 con: 1.0
11931 9563 con: 1.0
27205 9792 con: 1.0
9792 27205 con: 1.0
10151 27205 con: 1.0
27205 10151 con: 1.0
18466 18736 con: 1.0
18736 18466 con: 1.0
18466 5799 con: 1.0
18466 21092 con: 1.0
29490 14119 con: 1.0
14119 29490 con: 1.0
14119 12285 con: 1.0
15946 14119 con: 1.0
14119 15946 con: 1.0
14119 13757 con: 1.0
13757 14119 con: 1.0
28687 5443 con: 1.0
5814 5443 con: 1.0
1138 7297 con: 1.0
1138 16722 con: 1.0
10232 1138 con: 1.0
1138 10232 con: 1.0
1565 1138 con: 1.0
1138 1565 con: 1.0
13779 1138 con: 1.0
1138 13779 con: 1.0
1138 9563 con: 1.0
11635 1138 con: 1.0
1138 11635 con: 1.0
12018 3252 con: 1.0
3252 12018 con: 1.0
12018 20826 con: 1.0
20826 12018 con: 1.0
18515 5157 con: 1.0
5157 18515 con: 1.0
18515 1461 con: 1.0
18515 29224 con: 1.0
18515 17214 con: 1.0
18515 21071 con: 1.0
21071 18515 con: 1.0
18515 21092 con: 1.0
15831 25260 con: 1.0
11767 25260 con: 1.0
22889 21110 con: 1.0
27198 16406 con: 1.0
27501 27198 con: 1.0
27198 27501 con: 1.0
27198 7323 con: 1.0
25272 21427 con: 1.0
21427 25272 con: 1.0
25272 24669 con: 1.0
7611 7868 con: 1.0
7611 17214 con: 1.0
3252 20826 con: 1.0
20826 3252 con: 1.0
3438 7560 con: 1.0
7230 7560 con: 1.0
10151 9792 con: 1.0
9792 10151 con: 1.0
11969 7432 con: 1.0
16624 19166 con: 1.0
11638 16624 con: 1.0
16624 11638 con: 1.0
14182 11679 con: 1.0
14233 25386 con: 1.0
28945 14233 con: 1.0
14233 28945 con: 1.0
27035 14233 con: 1.0
14233 27035 con: 1.0
14233 24869 con: 1.0
16085 5625 con: 1.0
5625 16085 con: 1.0
20549 5625 con: 1.0
5625 20549 con: 1.0
1507 5627 con: 1.0
5627 1507 con: 1.0
2033 5627 con: 1.0
5627 2033 con: 1.0
5627 27117 con: 1.0
7354 9899 con: 1.0
9899 7354 con: 1.0
24616 9899 con: 1.0
9899 24616 con: 1.0
11857 22947 con: 1.0
22947 11857 con: 1.0
19179 7522 con: 1.0
7522 19179 con: 1.0
19381 7522 con: 1.0
7522 19381 con: 1.0
18572 7975 con: 1.0
7975 18572 con: 1.0
18575 7957 con: 1.0
7957 18575 con: 1.0
27501 16406 con: 1.0
18843 16406 con: 1.0
29095 16406 con: 1.0
11612 16406 con: 1.0
29364 3151 con: 1.0
19023 3151 con: 1.0
26860 3151 con: 1.0
19405 3151 con: 1.0
16155 15631 con: 1.0
21225 16155 con: 1.0
16155 21225 con: 1.0
25212 14265 con: 1.0
25212 9472 con: 1.0
25212 21092 con: 1.0
25215 9912 con: 1.0
25215 13878 con: 1.0
13878 25215 con: 1.0
25215 16722 con: 1.0
25215 14020 con: 1.0
25215 14048 con: 1.0
21462 25215 con: 1.0
25215 21462 con: 1.0
25215 7990 con: 1.0
7990 25215 con: 1.0
25215 5845 con: 1.0
25215 5848 con: 1.0
27638 9919 con: 1.0
9919 27638 con: 1.0
9919 25372 con: 1.0
13878 9912 con: 1.0
27637 9912 con: 1.0
21462 9912 con: 1.0
7990 9912 con: 1.0
16169 29213 con: 1.0
8058 16169 con: 1.0
16169 8058 con: 1.0
16169 23284 con: 1.0
5598 27514 con: 1.0
22916 18712 con: 1.0
22916 22552 con: 1.0
22552 22916 con: 1.0
3423 3185 con: 1.0
3185 3423 con: 1.0
3185 27539 con: 1.0
9340 3185 con: 1.0
3185 9340 con: 1.0
29095 11790 con: 1.0
13795 11790 con: 1.0
11612 11790 con: 1.0
9878 17356 con: 1.0
17356 9878 con: 1.0
27567 29547 con: 1.0
24780 29547 con: 1.0
3977 29547 con: 1.0
15390 29547 con: 1.0
7456 27406 con: 1.0
27406 7456 con: 1.0
20668 29465 con: 1.0
3093 7680 con: 1.0
22583 23013 con: 1.0
23013 22583 con: 1.0
22989 16463 con: 1.0
29490 12285 con: 1.0
29490 15946 con: 1.0
15946 29490 con: 1.0
29490 13757 con: 1.0
13757 29490 con: 1.0
11864 27514 con: 1.0
5529 25372 con: 1.0
15874 1197 con: 1.0
1197 15874 con: 1.0
26634 1197 con: 1.0
1197 26634 con: 1.0
3592 1197 con: 1.0
1197 3592 con: 1.0
13554 1197 con: 1.0
1197 13554 con: 1.0
11631 1197 con: 1.0
1197 11631 con: 1.0
22999 7868 con: 1.0
9230 9948 con: 1.0
9948 9230 con: 1.0
9242 9948 con: 1.0
9948 9242 con: 1.0
9948 3626 con: 1.0
17087 25596 con: 1.0
27501 7323 con: 1.0
20661 18697 con: 1.0
20548 18697 con: 1.0
8028 18697 con: 1.0
21146 18697 con: 1.0
7850 18697 con: 1.0
27511 16972 con: 1.0
16972 27511 con: 1.0
27505 3719 con: 1.0
27505 23284 con: 1.0
3536 18712 con: 1.0
3536 26737 con: 1.0
3536 9567 con: 1.0
20661 29099 con: 1.0
20661 7850 con: 1.0
7850 20661 con: 1.0
11524 25570 con: 1.0
22552 18712 con: 1.0
5661 18712 con: 1.0
3776 10014 con: 1.0
10014 3776 con: 1.0
12161 19394 con: 1.0
20617 1392 con: 1.0
20617 21338 con: 1.0
21338 20617 con: 1.0
20617 24942 con: 1.0
24942 20617 con: 1.0
22664 22547 con: 1.0
22547 22664 con: 1.0
22547 19328 con: 1.0
19328 22547 con: 1.0
16821 12287 con: 1.0
12287 16821 con: 1.0
25415 16821 con: 1.0
16821 25415 con: 1.0
3390 16821 con: 1.0
16821 3390 con: 1.0
16821 7868 con: 1.0
29363 12168 con: 1.0
23340 12168 con: 1.0
11487 12168 con: 1.0
11767 12168 con: 1.0
19431 12168 con: 1.0
21338 1392 con: 1.0
24942 1392 con: 1.0
21094 1392 con: 1.0
17242 16818 con: 1.0
29095 18730 con: 1.0
11612 18730 con: 1.0
23403 18741 con: 1.0
1390 9657 con: 1.0
18736 5799 con: 1.0
18736 21092 con: 1.0
13878 16722 con: 1.0
13878 14020 con: 1.0
13878 14048 con: 1.0
21462 13878 con: 1.0
13878 21462 con: 1.0
13878 7990 con: 1.0
7990 13878 con: 1.0
13878 5845 con: 1.0
13878 5848 con: 1.0
27401 9991 con: 1.0
9991 27401 con: 1.0
9991 29084 con: 1.0
1548 3458 con: 1.0
3458 1548 con: 1.0
3458 7680 con: 1.0
3458 23284 con: 1.0
20549 16085 con: 1.0
16085 20549 con: 1.0
7354 24616 con: 1.0
24616 7354 con: 1.0
10097 9657 con: 1.0
13888 21092 con: 1.0
5157 1461 con: 1.0
5157 29224 con: 1.0
5157 17214 con: 1.0
21071 5157 con: 1.0
5157 21071 con: 1.0
5157 21092 con: 1.0
27615 1282 con: 1.0
1282 27615 con: 1.0
1282 29078 con: 1.0
29078 1282 con: 1.0
1282 7762 con: 1.0
7762 1282 con: 1.0
1282 19379 con: 1.0
19379 1282 con: 1.0
26670 29330 con: 1.0
28859 29330 con: 1.0
15390 29330 con: 1.0
25415 12287 con: 1.0
12287 25415 con: 1.0
3390 12287 con: 1.0
12287 3390 con: 1.0
12287 7868 con: 1.0
20484 12285 con: 1.0
1533 12285 con: 1.0
15946 12285 con: 1.0
11448 12285 con: 1.0
13757 12285 con: 1.0
22609 18791 con: 1.0
18791 22609 con: 1.0
22609 9567 con: 1.0
18791 9567 con: 1.0
27401 29084 con: 1.0
20484 7323 con: 1.0
10232 7297 con: 1.0
1565 7297 con: 1.0
13779 7297 con: 1.0
11635 7297 con: 1.0
6104 25483 con: 1.0
26806 25483 con: 1.0
12243 2042 con: 1.0
23403 18805 con: 1.0
29363 23340 con: 1.0
23340 29363 con: 1.0
11487 29363 con: 1.0
29363 11487 con: 1.0
29363 19431 con: 1.0
19431 29363 con: 1.0
11465 16110 con: 1.0
3406 14020 con: 1.0
20579 12078 con: 1.0
12076 7868 con: 1.0
19102 16668 con: 1.0
16668 19102 con: 1.0
15414 3393 con: 1.0
3393 15414 con: 1.0
15887 5987 con: 1.0
5987 15887 con: 1.0
3423 27539 con: 1.0
3423 9340 con: 1.0
9340 3423 con: 1.0
27638 25372 con: 1.0
26634 15874 con: 1.0
15874 26634 con: 1.0
3592 15874 con: 1.0
15874 3592 con: 1.0
13554 15874 con: 1.0
15874 13554 con: 1.0
11631 15874 con: 1.0
15874 11631 con: 1.0
20484 19217 con: 1.0
3438 7230 con: 1.0
7230 3438 con: 1.0
25009 12063 con: 1.0
25415 3390 con: 1.0
3390 25415 con: 1.0
25415 7868 con: 1.0
27615 29078 con: 1.0
29078 27615 con: 1.0
27615 7762 con: 1.0
7762 27615 con: 1.0
27615 19379 con: 1.0
19379 27615 con: 1.0
22664 19328 con: 1.0
19328 22664 con: 1.0
2033 1507 con: 1.0
1507 2033 con: 1.0
1507 27117 con: 1.0
12055 3850 con: 1.0
20579 2042 con: 1.0
18891 29203 con: 1.0
18891 21392 con: 1.0
21392 18891 con: 1.0
10232 16722 con: 1.0
21462 16722 con: 1.0
1565 16722 con: 1.0
13779 16722 con: 1.0
7990 16722 con: 1.0
24898 16722 con: 1.0
11635 16722 con: 1.0
10225 21315 con: 1.0
21315 10225 con: 1.0
10225 9472 con: 1.0
21462 14020 con: 1.0
19023 14020 con: 1.0
7990 14020 con: 1.0
23143 14020 con: 1.0
11524 14020 con: 1.0
27033 14020 con: 1.0
19405 14020 con: 1.0
26843 20585 con: 1.0
20585 26843 con: 1.0
1565 10232 con: 1.0
10232 1565 con: 1.0
13779 10232 con: 1.0
10232 13779 con: 1.0
10232 9563 con: 1.0
10232 11635 con: 1.0
11635 10232 con: 1.0
21392 29203 con: 1.0
15799 29203 con: 1.0
1773 29203 con: 1.0
15946 13757 con: 1.0
13757 15946 con: 1.0
18905 26699 con: 1.0
26699 18905 con: 1.0
18905 6096 con: 1.0
6096 18905 con: 1.0
18905 7868 con: 1.0
28945 25386 con: 1.0
15602 25386 con: 1.0
27035 25386 con: 1.0
9549 5310 con: 1.0
5310 9549 con: 1.0
8058 29213 con: 1.0
21462 14048 con: 1.0
7990 14048 con: 1.0
19421 14048 con: 1.0
20548 8028 con: 1.0
8028 20548 con: 1.0
21146 20548 con: 1.0
20548 21146 con: 1.0
17087 1461 con: 1.0
21071 1461 con: 1.0
23103 25366 con: 1.0
21071 29224 con: 1.0
3390 7868 con: 1.0
9340 27539 con: 1.0
9242 9230 con: 1.0
9230 9242 con: 1.0
9230 3626 con: 1.0
23304 3626 con: 1.0
17087 17060 con: 1.0
9242 3626 con: 1.0
15799 1773 con: 1.0
1773 15799 con: 1.0
6096 26699 con: 1.0
26699 6096 con: 1.0
26699 7868 con: 1.0
13592 13737 con: 1.0
13737 13592 con: 1.0
13592 7822 con: 1.0
11448 21110 con: 1.0
21427 24669 con: 1.0
11487 23340 con: 1.0
23340 11487 con: 1.0
19431 23340 con: 1.0
23340 19431 con: 1.0
17118 26722 con: 1.0
11767 26722 con: 1.0
24819 1731 con: 1.0
24819 7963 con: 1.0
21462 7990 con: 1.0
7990 21462 con: 1.0
21462 5845 con: 1.0
21462 5848 con: 1.0
11487 19431 con: 1.0
19431 11487 con: 1.0
7850 29099 con: 1.0
11612 29095 con: 1.0
29095 11612 con: 1.0
3592 26634 con: 1.0
26634 3592 con: 1.0
13554 26634 con: 1.0
26634 13554 con: 1.0
11631 26634 con: 1.0
26634 11631 con: 1.0
1548 7680 con: 1.0
1548 23284 con: 1.0
7762 29078 con: 1.0
29078 7762 con: 1.0
29078 19379 con: 1.0
19379 29078 con: 1.0
1565 13779 con: 1.0
13779 1565 con: 1.0
1565 9563 con: 1.0
1565 11635 con: 1.0
11635 1565 con: 1.0
28859 26670 con: 1.0
26670 28859 con: 1.0
19023 5799 con: 1.0
19405 19023 con: 1.0
19023 19405 con: 1.0
6096 7868 con: 1.0
15661 5848 con: 1.0
21146 8028 con: 1.0
8028 21146 con: 1.0
26829 3850 con: 1.0
13737 7822 con: 1.0
21225 15631 con: 1.0
9389 9479 con: 1.0
9479 9389 con: 1.0
17232 9389 con: 1.0
9389 17232 con: 1.0
8058 23284 con: 1.0
5764 3658 con: 1.0
23482 1758 con: 1.0
1758 23482 con: 1.0
23482 9522 con: 1.0
9522 23482 con: 1.0
26860 19166 con: 1.0
9522 1758 con: 1.0
1758 9522 con: 1.0
24942 21338 con: 1.0
21338 24942 con: 1.0
19179 19381 con: 1.0
19381 19179 con: 1.0
21315 9472 con: 1.0
15534 3627 con: 1.0
23103 3627 con: 1.0
15405 3627 con: 1.0
11524 28975 con: 1.0
11329 23284 con: 1.0
11638 19166 con: 1.0
28945 27035 con: 1.0
27035 28945 con: 1.0
28945 24869 con: 1.0
13779 9563 con: 1.0
13779 11635 con: 1.0
11635 13779 con: 1.0
15390 7997 con: 1.0
3592 13554 con: 1.0
13554 3592 con: 1.0
11631 3592 con: 1.0
3592 11631 con: 1.0
7990 5845 con: 1.0
7990 5848 con: 1.0
9487 9486 con: 1.0
15405 15534 con: 1.0
15534 15405 con: 1.0
17232 9479 con: 1.0
9479 17232 con: 1.0
25086 15432 con: 1.0
15432 25086 con: 1.0
23103 21092 con: 1.0
4059 27117 con: 1.0
11635 9563 con: 1.0
17393 7868 con: 1.0
11578 13390 con: 1.0
23143 27033 con: 1.0
27033 23143 con: 1.0
2033 27117 con: 1.0
7762 19379 con: 1.0
19379 7762 con: 1.0
21071 17214 con: 1.0
21071 21092 con: 1.0
27035 24869 con: 1.0
11631 13554 con: 1.0
13554 11631 con: 1.0
19405 5799 con: 1.0
5814 28687 con: 1.0
28687 5814 con: 1.0
